 -0.500000000      0.606530666    
 -0.497999996      0.607744932    
 -0.495999992      0.608961642    
 -0.493999988      0.610180795    
 -0.492000014      0.611402333    
 -0.490000010      0.612626374    
 -0.488000005      0.613852859    
 -0.486000001      0.615081787    
 -0.483999997      0.616313219    
 -0.481999993      0.617547095    
 -0.479999989      0.618783414    
 -0.477999985      0.620022178    
 -0.476000011      0.621263504    
 -0.474000007      0.622507274    
 -0.472000003      0.623753488    
 -0.469999999      0.625002265    
 -0.467999995      0.626253545    
 -0.465999991      0.627507269    
 -0.463999987      0.628763556    
 -0.462000012      0.630022347    
 -0.460000008      0.631283641    
 -0.458000004      0.632547498    
 -0.456000000      0.633813858    
 -0.453999996      0.635082722    
 -0.451999992      0.636354148    
 -0.449999988      0.637628138    
 -0.448000014      0.638904691    
 -0.446000010      0.640183747    
 -0.444000006      0.641465425    
 -0.442000002      0.642749608    
 -0.439999998      0.644036412    
 -0.437999994      0.645325780    
 -0.435999990      0.646617711    
 -0.434000015      0.647912264    
 -0.431999981      0.649209380    
 -0.430000007      0.650509119    
 -0.428000003      0.651811421    
 -0.425999999      0.653116345    
 -0.423999995      0.654423892    
 -0.421999991      0.655734062    
 -0.419999987      0.657046854    
 -0.417999983      0.658362269    
 -0.416000009      0.659680247    
 -0.414000005      0.661000967    
 -0.412000000      0.662324250    
 -0.409999996      0.663650274    
 -0.407999992      0.664978862    
 -0.405999988      0.666310191    
 -0.403999984      0.667644143    
 -0.402000010      0.668980718    
 -0.400000006      0.670320034    
 -0.398000002      0.671662033    
 -0.395999998      0.673006713    
 -0.393999994      0.674354076    
 -0.391999990      0.675704122    
 -0.389999986      0.677056909    
 -0.388000011      0.678412318    
 -0.385999978      0.679770529    
 -0.384000003      0.681131423    
 -0.381999999      0.682495058    
 -0.379999995      0.683861434    
 -0.377999991      0.685230494    
 -0.375999987      0.686602354    
 -0.374000013      0.687976897    
 -0.371999979      0.689354241    
 -0.370000005      0.690734327    
 -0.368000001      0.692117155    
 -0.365999997      0.693502784    
 -0.363999993      0.694891214    
 -0.361999989      0.696282387    
 -0.360000014      0.697676301    
 -0.357999980      0.699073076    
 -0.356000006      0.700472593    
 -0.353999972      0.701874971    
 -0.351999998      0.703280151    
 -0.349999994      0.704688072    
 -0.347999990      0.706098855    
 -0.345999986      0.707512498    
 -0.343999982      0.708928943    
 -0.342000008      0.710348189    
 -0.339999974      0.711770356    
 -0.338000000      0.713195264    
 -0.335999995      0.714623094    
 -0.333999991      0.716053784    
 -0.331999987      0.717487335    
 -0.329999983      0.718923748    
 -0.328000009      0.720363021    
 -0.325999975      0.721805215    
 -0.324000001      0.723250270    
 -0.321999997      0.724698186    
 -0.319999993      0.726149023    
 -0.317999989      0.727602780    
 -0.315999985      0.729059458    
 -0.314000010      0.730518997    
 -0.311999977      0.731981516    
 -0.310000002      0.733446956    
 -0.307999998      0.734915316    
 -0.305999994      0.736386597    
 -0.303999990      0.737860858    
 -0.301999986      0.739338100    
 -0.300000012      0.740818202    
 -0.297999978      0.742301345    
 -0.296000004      0.743787408    
 -0.293999970      0.745276511    
 -0.291999996      0.746768534    
 -0.289999992      0.748263597    
 -0.287999988      0.749761581    
 -0.285999984      0.751262605    
 -0.283999979      0.752766669    
 -0.282000005      0.754273653    
 -0.279999971      0.755783737    
 -0.277999997      0.757296801    
 -0.275999993      0.758812964    
 -0.273999989      0.760332108    
 -0.271999985      0.761854291    
 -0.269999981      0.763379514    
 -0.268000007      0.764907777    
 -0.265999973      0.766439140    
 -0.263999999      0.767973542    
 -0.261999995      0.769511044    
 -0.259999990      0.771051586    
 -0.257999986      0.772595227    
 -0.255999982      0.774141967    
 -0.254000008      0.775691807    
 -0.251999974      0.777244747    
 -0.250000000      0.778800786    
 -0.247999996      0.780359924    
 -0.245999992      0.781922221    
 -0.243999988      0.783487618    
 -0.241999984      0.785056174    
 -0.239999980      0.786627889    
 -0.237999976      0.788202703    
 -0.236000001      0.789780676    
 -0.233999997      0.791361809    
 -0.231999993      0.792946100    
 -0.229999989      0.794533610    
 -0.227999985      0.796124279    
 -0.225999981      0.797718108    
 -0.223999977      0.799315155    
 -0.221999973      0.800915360    
 -0.219999999      0.802518785    
 -0.217999995      0.804125428    
 -0.215999991      0.805735290    
 -0.213999987      0.807348371    
 -0.211999983      0.808964729    
 -0.209999979      0.810584247    
 -0.207999974      0.812207043    
 -0.206000000      0.813833058    
 -0.203999996      0.815462351    
 -0.201999992      0.817094922    
 -0.199999988      0.818730772    
 -0.197999984      0.820369840    
 -0.195999980      0.822012246    
 -0.193999976      0.823657930    
 -0.191999972      0.825306892    
 -0.189999998      0.826959133    
 -0.187999994      0.828614712    
 -0.185999990      0.830273628    
 -0.183999985      0.831935823    
 -0.181999981      0.833601356    
 -0.179999977      0.835270226    
 -0.177999973      0.836942434    
 -0.175999999      0.838617980    
 -0.173999995      0.840296924    
 -0.171999991      0.841979206    
 -0.169999987      0.843664825    
 -0.167999983      0.845353842    
 -0.165999979      0.847046256    
 -0.163999975      0.848742068    
 -0.161999971      0.850441217    
 -0.159999996      0.852143764    
 -0.157999992      0.853849769    
 -0.155999988      0.855559230    
 -0.153999984      0.857272029    
 -0.151999980      0.858988285    
 -0.149999976      0.860707998    
 -0.147999972      0.862431169    
 -0.145999998      0.864157677    
 -0.143999994      0.865887761    
 -0.141999990      0.867621243    
 -0.139999986      0.869358242    
 -0.137999982      0.871098697    
 -0.135999978      0.872842669    
 -0.133999974      0.874590099    
 -0.131999969      0.876341045    
 -0.129999995      0.878095448    
 -0.127999991      0.879853368    
 -0.125999987      0.881614864    
 -0.123999983      0.883379877    
 -0.121999979      0.885148406    
 -0.119999975      0.886920452    
 -0.117999971      0.888696074    
 -0.115999997      0.890475214    
 -0.113999993      0.892257988    
 -0.111999989      0.894044280    
 -0.109999985      0.895834148    
 -0.107999980      0.897627592    
 -0.105999976      0.899424672    
 -0.103999972      0.901225328    
 -0.101999968      0.903029561    
  -9.99999940E-02  0.904837430    
  -9.79999900E-02  0.906648934    
  -9.59999859E-02  0.908464015    
  -9.39999819E-02  0.910282791    
  -9.19999778E-02  0.912105143    
  -8.99999738E-02  0.913931191    
  -8.79999697E-02  0.915760875    
  -8.59999657E-02  0.917594254    
  -8.39999914E-02  0.919431269    
  -8.19999874E-02  0.921271980    
  -7.99999833E-02  0.923116386    
  -7.79999793E-02  0.924964428    
  -7.59999752E-02  0.926816225    
  -7.39999712E-02  0.928671718    
  -7.19999671E-02  0.930530906    
  -6.99999928E-02  0.932393849    
  -6.79999888E-02  0.934260488    
  -6.59999847E-02  0.936130881    
  -6.39999807E-02  0.938005030    
  -6.19999766E-02  0.939882934    
  -5.99999726E-02  0.941764534    
  -5.79999685E-02  0.943649948    
  -5.59999645E-02  0.945539176    
  -5.39999902E-02  0.947432101    
  -5.19999862E-02  0.949328899    
  -4.99999821E-02  0.951229453    
  -4.79999781E-02  0.953133821    
  -4.59999740E-02  0.955042005    
  -4.39999700E-02  0.956954002    
  -4.19999659E-02  0.958869815    
  -3.99999917E-02  0.960789442    
  -3.79999876E-02  0.962712944    
  -3.59999835E-02  0.964640319    
  -3.39999795E-02  0.966571510    
  -3.19999754E-02  0.968506634    
  -2.99999714E-02  0.970445573    
  -2.79999673E-02  0.972388387    
  -2.59999633E-02  0.974335134    
  -2.39999890E-02  0.976285696    
  -2.19999850E-02  0.978240252    
  -1.99999809E-02  0.980198681    
  -1.79999769E-02  0.982161045    
  -1.59999728E-02  0.984127343    
  -1.39999688E-02  0.986097574    
  -1.19999647E-02  0.988071740    
  -9.99999046E-03  0.990049839    
  -7.99998641E-03  0.992031932    
  -5.99998236E-03  0.994017959    
  -3.99997830E-03  0.996008039    
  -1.99997425E-03  0.998002052    
   0.00000000       1.00000000    
   2.00003386E-03   1.00200200    
   4.00000811E-03   1.00400805    
   6.00004196E-03   1.00601804    
   8.00001621E-03   1.00803208    
   1.00000501E-02   1.01005018    
   1.20000243E-02   1.01207232    
   1.39999986E-02   1.01409841    
   1.60000324E-02   1.01612866    
   1.80000067E-02   1.01816297    
   2.00000405E-02   1.02020133    
   2.20000148E-02   1.02224386    
   2.40000486E-02   1.02429032    
   2.60000229E-02   1.02634096    
   2.79999971E-02   1.02839565    
   3.00000310E-02   1.03045452    
   3.20000052E-02   1.03251755    
   3.40000391E-02   1.03458464    
   3.60000134E-02   1.03665590    
   3.80000472E-02   1.03873134    
   4.00000215E-02   1.04081082    
   4.20000553E-02   1.04289448    
   4.40000296E-02   1.04498243    
   4.60000038E-02   1.04707444    
   4.80000377E-02   1.04917073    
   5.00000119E-02   1.05127108    
   5.20000458E-02   1.05337584    
   5.40000200E-02   1.05548465    
   5.60000539E-02   1.05759776    
   5.80000281E-02   1.05971503    
   6.00000024E-02   1.06183660    
   6.20000362E-02   1.06396234    
   6.40000105E-02   1.06609237    
   6.60000443E-02   1.06822681    
   6.80000186E-02   1.07036531    
   7.00000525E-02   1.07250822    
   7.20000267E-02   1.07465541    
   7.40000010E-02   1.07680678    
   7.60000348E-02   1.07896256    
   7.80000091E-02   1.08112264    
   8.00000429E-02   1.08328712    
   8.20000172E-02   1.08545578    
   8.40000510E-02   1.08762896    
   8.60000253E-02   1.08980632    
   8.79999995E-02   1.09198809    
   9.00000334E-02   1.09417427    
   9.20000076E-02   1.09636486    
   9.40000415E-02   1.09855974    
   9.60000157E-02   1.10075903    
   9.80000496E-02   1.10296285    
  0.100000024       1.10517097    
  0.102000058       1.10738349    
  0.104000032       1.10960054    
  0.106000006       1.11182189    
  0.108000040       1.11404777    
  0.110000014       1.11627805    
  0.112000048       1.11851287    
  0.114000022       1.12075210    
  0.116000056       1.12299597    
  0.118000031       1.12524414    
  0.120000005       1.12749684    
  0.122000039       1.12975419    
  0.124000013       1.13201594    
  0.126000047       1.13428223    
  0.128000021       1.13655305    
  0.130000055       1.13882840    
  0.132000029       1.14110839    
  0.134000003       1.14339280    
  0.136000037       1.14568198    
  0.138000011       1.14797556    
  0.140000045       1.15027380    
  0.142000020       1.15257668    
  0.144000053       1.15488422    
  0.146000028       1.15719616    
  0.148000002       1.15951288    
  0.150000036       1.16183424    
  0.152000010       1.16416025    
  0.154000044       1.16649091    
  0.156000018       1.16882622    
  0.158000052       1.17116630    
  0.160000026       1.17351091    
  0.162000060       1.17586029    
  0.164000034       1.17821431    
  0.166000009       1.18057311    
  0.168000042       1.18293667    
  0.170000017       1.18530488    
  0.172000051       1.18767786    
  0.174000025       1.19005561    
  0.176000059       1.19243813    
  0.178000033       1.19482541    
  0.180000007       1.19721735    
  0.182000041       1.19961429    
  0.184000015       1.20201588    
  0.186000049       1.20442235    
  0.188000023       1.20683360    
  0.190000057       1.20924962    
  0.192000031       1.21167052    
  0.194000006       1.21409631    
  0.196000040       1.21652699    
  0.198000014       1.21896243    
  0.200000048       1.22140276    
  0.202000022       1.22384799    
  0.204000056       1.22629821    
  0.206000030       1.22875321    
  0.208000004       1.23121321    
  0.210000038       1.23367810    
  0.212000012       1.23614788    
  0.214000046       1.23862267    
  0.216000021       1.24110246    
  0.218000054       1.24358714    
  0.220000029       1.24607682    
  0.222000062       1.24857152    
  0.224000037       1.25107110    
  0.226000011       1.25357568    
  0.228000045       1.25608540    
  0.230000019       1.25860000    
  0.232000053       1.26111984    
  0.234000027       1.26364458    
  0.236000061       1.26617444    
  0.238000035       1.26870918    
  0.240000010       1.27124918    
  0.242000043       1.27379429    
  0.244000018       1.27634430    
  0.246000051       1.27889967    
  0.248000026       1.28145993    
  0.250000060       1.28402555    
  0.252000034       1.28659606    
  0.254000008       1.28917181    
  0.256000042       1.29175282    
  0.258000016       1.29433882    
  0.260000050       1.29693019    
  0.262000024       1.29952657    
  0.264000058       1.30212831    
  0.266000032       1.30473506    
  0.268000007       1.30734718    
  0.270000041       1.30996454    
  0.272000015       1.31258702    
  0.274000049       1.31521487    
  0.276000023       1.31784785    
  0.278000057       1.32048631    
  0.280000031       1.32312989    
  0.282000065       1.32577884    
  0.284000039       1.32843304    
  0.286000013       1.33109248    
  0.288000047       1.33375740    
  0.290000021       1.33642757    
  0.292000055       1.33910310    
  0.294000030       1.34178400    
  0.296000063       1.34447026    
  0.298000038       1.34716189    
  0.300000012       1.34985888    
  0.302000046       1.35256124    
  0.304000020       1.35526907    
  0.306000054       1.35798240    
  0.308000028       1.36070108    
  0.310000062       1.36342525    
  0.312000036       1.36615479    
  0.314000010       1.36888981    
  0.316000044       1.37163031    
  0.318000019       1.37437630    
  0.320000052       1.37712789    
  0.322000027       1.37988484    
  0.324000061       1.38264740    
  0.326000035       1.38541543    
  0.328000069       1.38818908    
  0.330000043       1.39096820    
  0.332000017       1.39375281    
  0.334000051       1.39654326    
  0.336000025       1.39933908    
  0.338000059       1.40214062    
  0.340000033       1.40494764    
  0.342000067       1.40776038    
  0.344000041       1.41057873    
  0.346000016       1.41340268    
  0.348000050       1.41623235    
  0.350000024       1.41906762    
  0.352000058       1.42190862    
  0.354000032       1.42475522    
  0.356000066       1.42760766    
  0.358000040       1.43046570    
  0.360000014       1.43332946    
  0.362000048       1.43619907    
  0.364000022       1.43907428    
  0.366000056       1.44195533    
  0.368000031       1.44484210    
  0.370000064       1.44773471    
  0.372000039       1.45063305    
  0.374000013       1.45353723    
  0.376000047       1.45644724    
  0.378000021       1.45936298    
  0.380000055       1.46228468    
  0.382000029       1.46521211    
  0.384000063       1.46814549    
  0.386000037       1.47108471    
  0.388000071       1.47402990    
  0.390000045       1.47698081    
  0.392000020       1.47993779    
  0.394000053       1.48290062    
  0.396000028       1.48586941    
  0.398000062       1.48884416    
  0.400000036       1.49182475    
  0.402000070       1.49481142    
  0.404000044       1.49780405    
  0.406000018       1.50080264    
  0.408000052       1.50380719    
  0.410000026       1.50681782    
  0.412000060       1.50983453    
  0.414000034       1.51285720    
  0.416000068       1.51588595    
  0.418000042       1.51892078    
  0.420000017       1.52196157    
  0.422000051       1.52500856    
  0.424000025       1.52806163    
  0.426000059       1.53112090    
  0.428000033       1.53418612    
  0.430000067       1.53725767    
  0.432000041       1.54033518    
  0.434000015       1.54341888    
  0.436000049       1.54650891    
  0.438000023       1.54960489    
  0.440000057       1.55270731    
  0.442000031       1.55581582    
  0.444000065       1.55893064    
  0.446000040       1.56205153    
  0.448000073       1.56517875    
  0.450000048       1.56831229    
  0.452000022       1.57145202    
  0.454000056       1.57459807    
  0.456000030       1.57775044    
  0.458000064       1.58090913    
  0.460000038       1.58407402    
  0.462000072       1.58724546    
  0.464000046       1.59042299    
  0.466000021       1.59360707    
  0.468000054       1.59679747    
  0.470000029       1.59999418    
  0.472000062       1.60319746    
  0.474000037       1.60640705    
  0.476000071       1.60962307    
  0.478000045       1.61284554    
  0.480000019       1.61607444    
  0.482000053       1.61930990    
  0.484000027       1.62255168    
  0.486000061       1.62580013    
  0.488000035       1.62905490    
  0.490000069       1.63231635    
  0.492000043       1.63558424    
  0.494000018       1.63885856    
  0.496000051       1.64213967    
  0.498000026       1.64542711    
