   0.0000000000000000                            NaN
   1.0000000000000000E-003  -5.6484790298910757E-002
   2.0000000000000000E-003  -5.6969390849298390E-002
   3.0000000000000001E-003  -5.7453654923616405E-002
   4.0000000000000001E-003  -5.7937455019936655E-002
   5.0000000000000001E-003  -5.8420675610223724E-002
   6.0000000000000001E-003  -5.8903209978532059E-002
   7.0000000000000001E-003  -5.9384958399686084E-002
   8.0000000000000002E-003  -5.9865826947352541E-002
   9.0000000000000011E-003  -6.0345726651115081E-002
   1.0000000000000000E-002  -6.0824572868000540E-002
   1.0999999999999999E-002  -6.1302284795463319E-002
   1.2000000000000000E-002  -6.1778785082689247E-002
   1.3000000000000001E-002  -6.2253999513048823E-002
   1.4000000000000000E-002  -6.2727856739717452E-002
   1.4999999999999999E-002  -6.3200288062081528E-002
   1.6000000000000000E-002  -6.3671227234122524E-002
   1.7000000000000001E-002  -6.4140610298340506E-002
   1.8000000000000002E-002  -6.4608375440400934E-002
   1.9000000000000000E-002  -6.5074462860829158E-002
   2.0000000000000000E-002  -6.5538814660898434E-002
   2.1000000000000001E-002  -6.6001374740461694E-002
   2.1999999999999999E-002  -6.6462088705929151E-002
   2.3000000000000000E-002  -6.6920903786937908E-002
   2.4000000000000000E-002  -6.7377768760524981E-002
   2.5000000000000001E-002  -6.7832633881822438E-002
   2.6000000000000002E-002  -6.8285450820458074E-002
   2.7000000000000000E-002  -6.8736172601974913E-002
   2.8000000000000001E-002  -6.9184753553690345E-002
   2.9000000000000001E-002  -6.9631149254500008E-002
   2.9999999999999999E-002  -7.0075316488204198E-002
   3.1000000000000000E-002  -7.0517213199991019E-002
   3.2000000000000001E-002  -7.0956798455761166E-002
   3.3000000000000002E-002  -7.1394032404019050E-002
   3.4000000000000002E-002  -7.1828876240088879E-002
   3.5000000000000003E-002  -7.2261292172445396E-002
   3.6000000000000004E-002  -7.2691243390972216E-002
   3.6999999999999998E-002  -7.3118694036981971E-002
   3.7999999999999999E-002  -7.3543609174852864E-002
   3.9000000000000000E-002  -7.3965954765149416E-002
   4.0000000000000001E-002  -7.4385697639111181E-002
   4.1000000000000002E-002  -7.4802805474404280E-002
   4.2000000000000003E-002  -7.5217246772039864E-002
   4.3000000000000003E-002  -7.5628990834377768E-002
   4.3999999999999997E-002  -7.6038007744132580E-002
   4.4999999999999998E-002  -7.6444268344318417E-002
   4.5999999999999999E-002  -7.6847744219063818E-002
   4.7000000000000000E-002  -7.7248407675241576E-002
   4.8000000000000001E-002  -7.7646231724859599E-002
   4.9000000000000002E-002  -7.8041190068164651E-002
   5.0000000000000003E-002  -7.8433257077414720E-002
   5.1000000000000004E-002  -7.8822407781279025E-002
   5.2000000000000005E-002  -7.9208617849829049E-002
   5.2999999999999999E-002  -7.9591863580083771E-002
   5.3999999999999999E-002  -7.9972121882081096E-002
   5.5000000000000000E-002  -8.0349370265442324E-002
   5.6000000000000001E-002  -8.0723586826404445E-002
   5.7000000000000002E-002  -8.1094750235294305E-002
   5.8000000000000003E-002  -8.1462839724421865E-002
   5.9000000000000004E-002  -8.1827835076369371E-002
   5.9999999999999998E-002  -8.2189716612658170E-002
   6.0999999999999999E-002  -8.2548465182771980E-002
   6.2000000000000000E-002  -8.2904062153520502E-002
   6.3000000000000000E-002  -8.3256489398726874E-002
   6.4000000000000001E-002  -8.3605729289222219E-002
   6.5000000000000002E-002  -8.3951764683135061E-002
   6.6000000000000003E-002  -8.4294578916459223E-002
   6.7000000000000004E-002  -8.4634155793889915E-002
   6.8000000000000005E-002  -8.4970479579915437E-002
   6.9000000000000006E-002  -8.5303534990151836E-002
   7.0000000000000007E-002  -8.5633307182913621E-002
   7.1000000000000008E-002  -8.5959781751004105E-002
   7.2000000000000008E-002  -8.6282944713724802E-002
   7.2999999999999995E-002  -8.6602782509086540E-002
   7.3999999999999996E-002  -8.6919281986219565E-002
   7.4999999999999997E-002  -8.7232430397972544E-002
   7.5999999999999998E-002  -8.7542215393692530E-002
   7.6999999999999999E-002  -8.7848625012181575E-002
   7.8000000000000000E-002  -8.8151647674818590E-002
   7.9000000000000001E-002  -8.8451272178845325E-002
   8.0000000000000002E-002  -8.8747487690807536E-002
   8.1000000000000003E-002  -8.9040283740144333E-002
   8.2000000000000003E-002  -8.9329650212924522E-002
   8.3000000000000004E-002  -8.9615577345721009E-002
   8.4000000000000005E-002  -8.9898055719619951E-002
   8.5000000000000006E-002  -9.0177076254359417E-002
   8.6000000000000007E-002  -9.0452630202595058E-002
   8.7000000000000008E-002  -9.0724709144283905E-002
   8.7999999999999995E-002  -9.0993304981188433E-002
   8.8999999999999996E-002  -9.1258409931493006E-002
   8.9999999999999997E-002  -9.1520016524528180E-002
   9.0999999999999998E-002  -9.1778117595603337E-002
   9.1999999999999998E-002  -9.2032706280942150E-002
   9.2999999999999999E-002  -9.2283776012715757E-002
   9.4000000000000000E-002  -9.2531320514173704E-002
   9.5000000000000001E-002  -9.2775333794869547E-002
   9.6000000000000002E-002  -9.3015810145974348E-002
   9.7000000000000003E-002  -9.3252744135681687E-002
   9.8000000000000004E-002  -9.3486130604695877E-002
   9.9000000000000005E-002  -9.3715964661803958E-002
  0.10000000000000001       -9.3942241679529054E-002
  0.10100000000000001       -9.4164957289861073E-002
  0.10200000000000001       -9.4384107380064947E-002
  0.10300000000000001       -9.4599688088562089E-002
  0.10400000000000001       -9.4811695800883944E-002
  0.10500000000000000       -9.5020127145697963E-002
  0.10600000000000000       -9.5224978990898018E-002
  0.10700000000000000       -9.5426248439765771E-002
  0.10800000000000000       -9.5623932827193447E-002
  0.10900000000000000       -9.5818029715972863E-002
  0.11000000000000000       -9.6008536893143481E-002
  0.11100000000000000       -9.6195452366401979E-002
  0.11200000000000000       -9.6378774360571823E-002
  0.11300000000000000       -9.6558501314126105E-002
  0.11400000000000000       -9.6734631875770416E-002
  0.11500000000000000       -9.6907164901078674E-002
  0.11600000000000001       -9.7076099449181080E-002
  0.11700000000000001       -9.7241434779506614E-002
  0.11800000000000001       -9.7403170348573348E-002
  0.11900000000000001       -9.7561305806832671E-002
  0.12000000000000000       -9.7715840995555470E-002
  0.12100000000000000       -9.7866775943774520E-002
  0.12200000000000000       -9.8014110865265180E-002
  0.12300000000000000       -9.8157846155577433E-002
  0.12400000000000000       -9.8297982389108585E-002
  0.12500000000000000       -9.8434520316221963E-002
  0.12600000000000000       -9.8567460860407047E-002
  0.12700000000000000       -9.8696805115481817E-002
  0.12800000000000000       -9.8822554342835711E-002
  0.12900000000000000       -9.8944709968713629E-002
  0.13000000000000000       -9.9063273581536854E-002
  0.13100000000000001       -9.9178246929265995E-002
  0.13200000000000001       -9.9289631916799154E-002
  0.13300000000000001       -9.9397430603406722E-002
  0.13400000000000001       -9.9501645200205074E-002
  0.13500000000000001       -9.9602278067663308E-002
  0.13600000000000001       -9.9699331713146572E-002
  0.13700000000000001       -9.9792808788492948E-002
  0.13800000000000001       -9.9882712087624254E-002
  0.13900000000000001       -9.9969044544189423E-002
  0.14000000000000001      -0.10005180922924142     
  0.14100000000000001      -0.10013100934894539     
  0.14200000000000002      -0.10020664824231693     
  0.14300000000000002      -0.10027872937899460     
  0.14400000000000002      -0.10034725635703773     
  0.14499999999999999      -0.10041223290075985     
  0.14599999999999999      -0.10047366285858486     
  0.14699999999999999      -0.10053155020093751     
  0.14799999999999999      -0.10058589901815884     
  0.14899999999999999      -0.10063671351845119     
  0.14999999999999999      -0.10068399802584885     
  0.15100000000000000      -0.10072775697821659     
  0.15200000000000000      -0.10076799492527624     
  0.15300000000000000      -0.10080471652665521     
  0.15400000000000000      -0.10083792654996421     
  0.15500000000000000      -0.10086762986889966     
  0.15600000000000000      -0.10089383146136907     
  0.15700000000000000      -0.10091653640764303     
  0.15800000000000000      -0.10093574988852991     
  0.15900000000000000      -0.10095147718357464     
  0.16000000000000000      -0.10096372366928227     
  0.16100000000000000      -0.10097249481735995     
  0.16200000000000001      -0.10097779619298913     
  0.16300000000000001      -0.10097963345311253     
  0.16400000000000001      -0.10097801234474740     
  0.16500000000000001      -0.10097293870331980     
  0.16600000000000001      -0.10096441845101975     
  0.16700000000000001      -0.10095245759517751     
  0.16800000000000001      -0.10093706222666102     
  0.16900000000000001      -0.10091823851829310     
  0.17000000000000001      -0.10089599272329056     
  0.17100000000000001      -0.10087033117372021     
  0.17200000000000001      -0.10084126027897825     
  0.17300000000000001      -0.10080878652428563     
  0.17400000000000002      -0.10077291646920547     
  0.17500000000000002      -0.10073365674617671     
  0.17599999999999999      -0.10069101405906924     
  0.17699999999999999      -0.10064499518175390     
  0.17799999999999999      -0.10059560695669367     
  0.17899999999999999      -0.10054285629355209     
  0.17999999999999999      -0.10048675016781794     
  0.18099999999999999      -0.10042729561944866     
  0.18200000000000000      -0.10036449975153069     
  0.18300000000000000      -0.10029836972895642     
  0.18400000000000000      -0.10022891277711921     
  0.18500000000000000      -0.10015613618062355     
  0.18600000000000000      -0.10008004728201128     
  0.18700000000000000      -0.10000065348050560     
  0.18800000000000000       -9.9917962230770430E-002
  0.18900000000000000       -9.9831981041684531E-002
  0.19000000000000000       -9.9742717475132719E-002
  0.19100000000000000       -9.9650179144811390E-002
  0.19200000000000000       -9.9554373715048744E-002
  0.19300000000000000       -9.9455308899642575E-002
  0.19400000000000001       -9.9352992460710249E-002
  0.19500000000000001       -9.9247432207552833E-002
  0.19600000000000001       -9.9138635995538044E-002
  0.19700000000000001       -9.9026611724991914E-002
  0.19800000000000001       -9.8911367340109163E-002
  0.19900000000000001       -9.8792910827873143E-002
  0.20000000000000001       -9.8671250216995104E-002
  0.20100000000000001       -9.8546393576862179E-002
  0.20200000000000001       -9.8418349016500678E-002
  0.20300000000000001       -9.8287124683553578E-002
  0.20400000000000001       -9.8152728763268998E-002
  0.20500000000000002       -9.8015169477505659E-002
  0.20600000000000002       -9.7874455083745454E-002
  0.20700000000000002       -9.7730593874124028E-002
  0.20800000000000002       -9.7583594174470961E-002
  0.20899999999999999       -9.7433464343363391E-002
  0.20999999999999999       -9.7280212771192170E-002
  0.21099999999999999       -9.7123847879238417E-002
  0.21199999999999999       -9.6964378118766098E-002
  0.21299999999999999       -9.6801811970120527E-002
  0.21400000000000000       -9.6636157941844963E-002
  0.21500000000000000       -9.6467424569803090E-002
  0.21600000000000000       -9.6295620416318312E-002
  0.21700000000000000       -9.6120754069319164E-002
  0.21800000000000000       -9.5942834141500372E-002
  0.21900000000000000       -9.5761869269494232E-002
  0.22000000000000000       -9.5577868113047998E-002
  0.22100000000000000       -9.5390839354220075E-002
  0.22200000000000000       -9.5200791696581383E-002
  0.22300000000000000       -9.5007733864428873E-002
  0.22400000000000000       -9.4811674602009427E-002
  0.22500000000000001       -9.4612622672755747E-002
  0.22600000000000001       -9.4410586858528572E-002
  0.22700000000000001       -9.4205575958874993E-002
  0.22800000000000001       -9.3997598790290876E-002
  0.22900000000000001       -9.3786664185495777E-002
  0.23000000000000001       -9.3572780992719068E-002
  0.23100000000000001       -9.3355958074994833E-002
  0.23200000000000001       -9.3136204309463538E-002
  0.23300000000000001       -9.2913528586688304E-002
  0.23400000000000001       -9.2687939809976388E-002
  0.23500000000000001       -9.2459446894712055E-002
  0.23600000000000002       -9.2228058767698434E-002
  0.23700000000000002       -9.1993784366507320E-002
  0.23800000000000002       -9.1756632638840624E-002
  0.23900000000000002       -9.1516612541896941E-002
  0.23999999999999999       -9.1273733041751293E-002
  0.24099999999999999       -9.1028003112737899E-002
  0.24199999999999999       -9.0779431736848992E-002
  0.24299999999999999       -9.0528027903135910E-002
  0.24399999999999999       -9.0273800607120480E-002
  0.24500000000000000       -9.0016758850217482E-002
  0.24600000000000000       -8.9756911639159109E-002
  0.24700000000000000       -8.9494267985435916E-002
  0.24800000000000000       -8.9228836904738762E-002
  0.24900000000000000       -8.8960627416413141E-002
  0.25000000000000000       -8.8689648542916499E-002
  0.25100000000000000       -8.8415909309291885E-002
  0.25200000000000000       -8.8139418742638587E-002
  0.25300000000000000       -8.7860185871600105E-002
  0.25400000000000000       -8.7578219725852890E-002
  0.25500000000000000       -8.7293529335607023E-002
  0.25600000000000001       -8.7006123731110829E-002
  0.25700000000000001       -8.6716011942164939E-002
  0.25800000000000001       -8.6423202997644111E-002
  0.25900000000000001       -8.6127705925024001E-002
  0.26000000000000001       -8.5829529749917532E-002
  0.26100000000000001       -8.5528683495614877E-002
  0.26200000000000001       -8.5225176182634532E-002
  0.26300000000000001       -8.4919016828279348E-002
  0.26400000000000001       -8.4610214446196041E-002
  0.26500000000000001       -8.4298778045949097E-002
  0.26600000000000001       -8.3984716632593603E-002
  0.26700000000000002       -8.3668039206258427E-002
  0.26800000000000002       -8.3348754761736199E-002
  0.26900000000000002       -8.3026872288078812E-002
  0.27000000000000002       -8.2702400768198459E-002
  0.27100000000000002       -8.2375349178475166E-002
  0.27200000000000002       -8.2045726488372328E-002
  0.27300000000000002       -8.1713541660058842E-002
  0.27400000000000002       -8.1378803648031350E-002
  0.27500000000000002       -8.1041521398750482E-002
  0.27600000000000002       -8.0701703850277973E-002
  0.27700000000000002       -8.0359359931920560E-002
  0.27800000000000002       -8.0014498563882208E-002
  0.27900000000000003       -7.9667128656917607E-002
  0.28000000000000003       -7.9317259111994221E-002
  0.28100000000000003       -7.8964898819961993E-002
  0.28200000000000003       -7.8610056661223504E-002
  0.28300000000000003       -7.8252741505412615E-002
  0.28400000000000003       -7.7892962211079164E-002
  0.28500000000000003       -7.7530727625377716E-002
  0.28600000000000003       -7.7166046583760362E-002
  0.28700000000000003       -7.6798927909679626E-002
  0.28800000000000003       -7.6429380414291426E-002
  0.28899999999999998       -7.6057412896162413E-002
  0.28999999999999998       -7.5683034140991423E-002
  0.29099999999999998       -7.5306252921322536E-002
  0.29199999999999998       -7.4927077996275682E-002
  0.29299999999999998       -7.4545518111271358E-002
  0.29399999999999998       -7.4161581997771009E-002
  0.29499999999999998       -7.3775278373011621E-002
  0.29599999999999999       -7.3386615939753541E-002
  0.29699999999999999       -7.2995603386026675E-002
  0.29799999999999999       -7.2602249384885631E-002
  0.29899999999999999       -7.2206562594167356E-002
  0.29999999999999999       -7.1808551656254216E-002
  0.30099999999999999       -7.1408225197841568E-002
  0.30199999999999999       -7.1005591829706449E-002
  0.30299999999999999       -7.0600660146487249E-002
  0.30399999999999999       -7.0193438726460888E-002
  0.30499999999999999       -6.9783936131330104E-002
  0.30599999999999999       -6.9372160906009395E-002
  0.30700000000000000       -6.8958121578419129E-002
  0.30800000000000000       -6.8541826659282601E-002
  0.30900000000000000       -6.8123284641925796E-002
  0.31000000000000000       -6.7702504002085051E-002
  0.31100000000000000       -6.7279493197712537E-002
  0.31200000000000000       -6.6854260668792298E-002
  0.31300000000000000       -6.6426814837154902E-002
  0.31400000000000000       -6.5997164106298023E-002
  0.31500000000000000       -6.5565316861213307E-002
  0.31600000000000000       -6.5131281468210067E-002
  0.31700000000000000       -6.4695066274752355E-002
  0.31800000000000000       -6.4256679609289546E-002
  0.31900000000000001       -6.3816129781098685E-002
  0.32000000000000001       -6.3373425080124779E-002
  0.32100000000000001       -6.2928573776828645E-002
  0.32200000000000001       -6.2481584122035361E-002
  0.32300000000000001       -6.2032464346786220E-002
  0.32400000000000001       -6.1581222662199286E-002
  0.32500000000000001       -6.1127867259324675E-002
  0.32600000000000001       -6.0672406309007387E-002
  0.32700000000000001       -6.0214847961757967E-002
  0.32800000000000001       -5.9755200347617443E-002
  0.32900000000000001       -5.9293471576032930E-002
  0.33000000000000002       -5.8829669735730616E-002
  0.33100000000000002       -5.8363802894598138E-002
  0.33200000000000002       -5.7895879099562675E-002
  0.33300000000000002       -5.7425906376478097E-002
  0.33400000000000002       -5.6953892730014499E-002
  0.33500000000000002       -5.6479846143545231E-002
  0.33600000000000002       -5.6003774579043042E-002
  0.33700000000000002       -5.5525685976975769E-002
  0.33800000000000002       -5.5045588256208700E-002
  0.33900000000000002       -5.4563489313901203E-002
  0.34000000000000002       -5.4079397025417919E-002
  0.34100000000000003       -5.3593319244231219E-002
  0.34200000000000003       -5.3105263801835223E-002
  0.34300000000000003       -5.2615238507657536E-002
  0.34400000000000003       -5.2123251148976091E-002
  0.34500000000000003       -5.1629309490835218E-002
  0.34600000000000003       -5.1133421275967095E-002
  0.34700000000000003       -5.0635594224718361E-002
  0.34800000000000003       -5.0135836034971626E-002
  0.34900000000000003       -4.9634154382075080E-002
  0.35000000000000003       -4.9130556918774770E-002
  0.35100000000000003       -4.8625051275145825E-002
  0.35199999999999998       -4.8117645058529168E-002
  0.35299999999999998       -4.7608345853468070E-002
  0.35399999999999998       -4.7097161221649086E-002
  0.35499999999999998       -4.6584098701844767E-002
  0.35599999999999998       -4.6069165809856372E-002
  0.35699999999999998       -4.5552370038462908E-002
  0.35799999999999998       -4.5033718857367122E-002
  0.35899999999999999       -4.4513219713151253E-002
  0.35999999999999999       -4.3990880029225465E-002
  0.36099999999999999       -4.3466707205783051E-002
  0.36199999999999999       -4.2940708619763068E-002
  0.36299999999999999       -4.2412891624804105E-002
  0.36399999999999999       -4.1883263551205807E-002
  0.36499999999999999       -4.1351831705898012E-002
  0.36599999999999999       -4.0818603372397400E-002
  0.36699999999999999       -4.0283585810782285E-002
  0.36799999999999999       -3.9746786257654598E-002
  0.36899999999999999       -3.9208211926117842E-002
  0.37000000000000000       -3.8667870005743676E-002
  0.37100000000000000       -3.8125767662549881E-002
  0.37200000000000000       -3.7581912038975263E-002
  0.37300000000000000       -3.7036310253858118E-002
  0.37400000000000000       -3.6488969402415361E-002
  0.37500000000000000       -3.5939896556224593E-002
  0.37600000000000000       -3.5389098763205673E-002
  0.37700000000000000       -3.4836583047608671E-002
  0.37800000000000000       -3.4282356409996440E-002
  0.37900000000000000       -3.3726425827234729E-002
  0.38000000000000000       -3.3168798252481313E-002
  0.38100000000000001       -3.2609480615176656E-002
  0.38200000000000001       -3.2048479821036535E-002
  0.38300000000000001       -3.1485802752047709E-002
  0.38400000000000001       -3.0921456266460312E-002
  0.38500000000000001       -3.0355447198787244E-002
  0.38600000000000001       -2.9787782359804782E-002
  0.38700000000000001       -2.9218468536544140E-002
  0.38800000000000001       -2.8647512492304517E-002
  0.38900000000000001       -2.8074920966646655E-002
  0.39000000000000001       -2.7500700675399448E-002
  0.39100000000000001       -2.6924858310668098E-002
  0.39200000000000002       -2.6347400540835786E-002
  0.39300000000000002       -2.5768334010575489E-002
  0.39400000000000002       -2.5187665340858423E-002
  0.39500000000000002       -2.4605401128962978E-002
  0.39600000000000002       -2.4021547948486932E-002
  0.39700000000000002       -2.3436112349363158E-002
  0.39800000000000002       -2.2849100857869065E-002
  0.39900000000000002       -2.2260519976645465E-002
  0.40000000000000002       -2.1670376184710183E-002
  0.40100000000000002       -2.1078675937477309E-002
  0.40200000000000002       -2.0485425666777579E-002
  0.40300000000000002       -1.9890631780873580E-002
  0.40400000000000003       -1.9294300664484842E-002
  0.40500000000000003       -1.8696438678804661E-002
  0.40600000000000003       -1.8097052161531291E-002
  0.40700000000000003       -1.7496147426882325E-002
  0.40800000000000003       -1.6893730765624670E-002
  0.40900000000000003       -1.6289808445102638E-002
  0.41000000000000003       -1.5684386709257814E-002
  0.41100000000000003       -1.5077471778665030E-002
  0.41200000000000003       -1.4469069850554739E-002
  0.41300000000000003       -1.3859187098845038E-002
  0.41400000000000003       -1.3247829674173150E-002
  0.41500000000000004       -1.2635003703925618E-002
  0.41600000000000004       -1.2020715292271222E-002
  0.41699999999999998       -1.1404970520194402E-002
  0.41799999999999998       -1.0787775445527004E-002
  0.41899999999999998       -1.0169136102986920E-002
  0.41999999999999998       -9.5490585042116161E-003
  0.42099999999999999       -8.9275486377926039E-003
  0.42199999999999999       -8.3046124693184065E-003
  0.42299999999999999       -7.6802559414063110E-003
  0.42399999999999999       -7.0544849737443904E-003
  0.42499999999999999       -6.4273054631306392E-003
  0.42599999999999999       -5.7987232835128855E-003
  0.42699999999999999       -5.1687442860295918E-003
  0.42799999999999999       -4.5373742990514887E-003
  0.42899999999999999       -3.9046191282248732E-003
  0.42999999999999999       -3.2704845565118545E-003
  0.43099999999999999       -2.6349763442372609E-003
  0.43200000000000000       -1.9981002291312167E-003
  0.43300000000000000       -1.3598619263727740E-003
  0.43400000000000000       -7.2026712863876297E-004
  0.43500000000000000       -7.9321506147256304E-005
  0.43600000000000000        5.6296929329568979E-004
  0.43700000000000000        1.2065996442481852E-003
  0.43800000000000000        1.8515639435842668E-003
  0.43900000000000000        2.4978566104462141E-003
  0.44000000000000000        3.1454720861948671E-003
  0.44100000000000000        3.7944048343612202E-003
  0.44200000000000000        4.4446493405960186E-003
  0.44300000000000000        5.0962001126189649E-003
  0.44400000000000001        5.7490516801674829E-003
  0.44500000000000001        6.4031985949472014E-003
  0.44600000000000001        7.0586354305778864E-003
  0.44700000000000001        7.7153567825399838E-003
  0.44800000000000001        8.3733572681280455E-003
  0.44900000000000001        9.0326315263882795E-003
  0.45000000000000001        9.6931742180719205E-003
  0.45100000000000001        1.0354980025578719E-002
  0.45200000000000001        1.1018043652902043E-002
  0.45300000000000001        1.1682359825574751E-002
  0.45400000000000001        1.2347923290612850E-002
  0.45500000000000002        1.3014728816460430E-002
  0.45600000000000002        1.3682771192934262E-002
  0.45700000000000002        1.4352045231165567E-002
  0.45800000000000002        1.5022545763545392E-002
  0.45900000000000002        1.5694267643665827E-002
  0.46000000000000002        1.6367205746263158E-002
  0.46100000000000002        1.7041354967159306E-002
  0.46200000000000002        1.7716710223206200E-002
  0.46300000000000002        1.8393266452223389E-002
  0.46400000000000002        1.9071018612942858E-002
  0.46500000000000002        1.9749961684948414E-002
  0.46600000000000003        2.0430090668616230E-002
  0.46700000000000003        2.1111400585056006E-002
  0.46800000000000003        2.1793886476051516E-002
  0.46900000000000003        2.2477543403998212E-002
  0.47000000000000003        2.3162366451845051E-002
  0.47100000000000003        2.3848350723034928E-002
  0.47200000000000003        2.4535491341439619E-002
  0.47300000000000003        2.5223783451304105E-002
  0.47400000000000003        2.5913222217180787E-002
  0.47500000000000003        2.6603802823870037E-002
  0.47600000000000003        2.7295520476359192E-002
  0.47700000000000004        2.7988370399759765E-002
  0.47800000000000004        2.8682347839244449E-002
  0.47900000000000004        2.9377448059986822E-002
  0.47999999999999998        3.0073666347097461E-002
  0.48099999999999998        3.0770998005561767E-002
  0.48199999999999998        3.1469438360178792E-002
  0.48299999999999998        3.2168982755494735E-002
  0.48399999999999999        3.2869626555743270E-002
  0.48499999999999999        3.3571365144781817E-002
  0.48599999999999999        3.4274193926025487E-002
  0.48699999999999999        3.4978108322386126E-002
  0.48799999999999999        3.5683103776210479E-002
  0.48899999999999999        3.6389175749210745E-002
  0.48999999999999999        3.7096319722408344E-002
  0.49099999999999999        3.7804531196061253E-002
  0.49199999999999999        3.8513805689607272E-002
  0.49299999999999999        3.9224138741597692E-002
  0.49399999999999999        3.9935525909631509E-002
  0.49500000000000000        4.0647962770292811E-002
  0.49600000000000000        4.1361444919084445E-002
  0.49700000000000000        4.2075967970367667E-002
  0.49800000000000000        4.2791527557292652E-002
  0.49900000000000000        4.3508119331736095E-002
  0.50000000000000000        4.4225738964239147E-002
  0.50100000000000000        4.4944382143936978E-002
  0.50200000000000000        4.5664044578498819E-002
  0.50300000000000000        4.6384721994063571E-002
  0.50400000000000000        4.7106410135168919E-002
  0.50500000000000000        4.7829104764695207E-002
  0.50600000000000001        4.8552801663791278E-002
  0.50700000000000001        4.9277496631819462E-002
  0.50800000000000001        5.0003185486280965E-002
  0.50900000000000001        5.0729864062758256E-002
  0.51000000000000001        5.1457528214846060E-002
  0.51100000000000001        5.2186173814087522E-002
  0.51200000000000001        5.2915796749911259E-002
  0.51300000000000001        5.3646392929561915E-002
  0.51400000000000001        5.4377958278039262E-002
  0.51500000000000001        5.5110488738032537E-002
  0.51600000000000001        5.5843980269852045E-002
  0.51700000000000002        5.6578428851371487E-002
  0.51800000000000002        5.7313830477953298E-002
  0.51900000000000002        5.8050181162394465E-002
  0.52000000000000002        5.8787476934851479E-002
  0.52100000000000002        5.9525713842783712E-002
  0.52200000000000002        6.0264887950883750E-002
  0.52300000000000002        6.1004995341016000E-002
  0.52400000000000002        6.1746032112147131E-002
  0.52500000000000002        6.2487994380288292E-002
  0.52600000000000002        6.3230878278422886E-002
  0.52700000000000002        6.3974679956450065E-002
  0.52800000000000002        6.4719395581111949E-002
  0.52900000000000003        6.5465021335937623E-002
  0.53000000000000003        6.6211553421171188E-002
  0.53100000000000003        6.6958988053712976E-002
  0.53200000000000003        6.7707321467051829E-002
  0.53300000000000003        6.8456549911203202E-002
  0.53400000000000003        6.9206669652643771E-002
  0.53500000000000003        6.9957676974248595E-002
  0.53600000000000003        7.0709568175225390E-002
  0.53700000000000003        7.1462339571053579E-002
  0.53800000000000003        7.2215987493416678E-002
  0.53900000000000003        7.2970508290141289E-002
  0.54000000000000004        7.3725898325134376E-002
  0.54100000000000004        7.4482153978317867E-002
  0.54200000000000004        7.5239271645563655E-002
  0.54300000000000004        7.5997247738635754E-002
  0.54400000000000004        7.6756078685121965E-002
  0.54500000000000004        7.7515760928372424E-002
  0.54600000000000004        7.8276290927437375E-002
  0.54700000000000004        7.9037665157005277E-002
  0.54800000000000004        7.9799880107335130E-002
  0.54900000000000004        8.0562932284201028E-002
  0.55000000000000004        8.1326818208823648E-002
  0.55100000000000005        8.2091534417809142E-002
  0.55200000000000005        8.2857077463091566E-002
  0.55300000000000005        8.3623443911863327E-002
  0.55400000000000005        8.4390630346517503E-002
  0.55500000000000005        8.5158633364585901E-002
  0.55600000000000005        8.5927449578675874E-002
  0.55700000000000005        8.6697075616410546E-002
  0.55800000000000005        8.7467508120362969E-002
  0.55900000000000005        8.8238743748000781E-002
  0.56000000000000005        8.9010779171619703E-002
  0.56100000000000005        8.9783611078286196E-002
  0.56200000000000006        9.0557236169773903E-002
  0.56300000000000006        9.1331651162502470E-002
  0.56400000000000006        9.2106852787480042E-002
  0.56500000000000006        9.2882837790239647E-002
  0.56600000000000006        9.3659602930779462E-002
  0.56700000000000006        9.4437144983502530E-002
  0.56800000000000006        9.5215460737157476E-002
  0.56900000000000006        9.5994546994777441E-002
  0.57000000000000006        9.6774400573620689E-002
  0.57100000000000006        9.7555018305110819E-002
  0.57200000000000006        9.8336397034776091E-002
  0.57300000000000006        9.9118533622192806E-002
  0.57400000000000007        9.9901424940921801E-002
  0.57500000000000007       0.10068506787845549     
  0.57600000000000007       0.10146945933615054     
  0.57699999999999996       0.10225459622917787     
  0.57799999999999996       0.10304047548645751     
  0.57899999999999996       0.10382709405060370     
  0.57999999999999996       0.10461444887786342     
  0.58099999999999996       0.10540253693806395     
  0.58199999999999996       0.10619135521454559     
  0.58299999999999996       0.10698090070411431     
  0.58399999999999996       0.10777117041697559     
  0.58499999999999996       0.10856216137668334     
  0.58599999999999997       0.10935387062007668     
  0.58699999999999997       0.11014629519722774     
  0.58799999999999997       0.11093943217138058     
  0.58899999999999997       0.11173327861889870     
  0.58999999999999997       0.11252783162920277     
  0.59099999999999997       0.11332308830472154     
  0.59199999999999997       0.11411904576082726     
  0.59299999999999997       0.11491570112578603     
  0.59399999999999997       0.11571305154069822     
  0.59499999999999997       0.11651109415944289     
  0.59599999999999997       0.11730982614862667     
  0.59699999999999998       0.11810924468751927     
  0.59799999999999998       0.11890934696800715     
  0.59899999999999998       0.11971013019453391     
  0.59999999999999998       0.12051159158404556     
  0.60099999999999998       0.12131372836593629     
  0.60199999999999998       0.12211653778199494     
  0.60299999999999998       0.12292001708634870     
  0.60399999999999998       0.12372416354540938     
  0.60499999999999998       0.12452897443782118     
  0.60599999999999998       0.12533444705440283     
  0.60699999999999998       0.12614057869809830     
  0.60799999999999998       0.12694736668392059     
  0.60899999999999999       0.12775480833889985     
  0.60999999999999999       0.12856290100202750     
  0.61099999999999999       0.12937164202420609     
  0.61199999999999999       0.13018102876819737     
  0.61299999999999999       0.13099105860856480     
  0.61399999999999999       0.13180172893162562     
  0.61499999999999999       0.13261303713539735     
  0.61599999999999999       0.13342498062954478     
  0.61699999999999999       0.13423755683532873     
  0.61799999999999999       0.13505076318555509     
  0.61899999999999999       0.13586459712452109     
  0.62000000000000000       0.13667905610796655     
  0.62100000000000000       0.13749413760302076     
  0.62200000000000000       0.13830983908815214     
  0.62300000000000000       0.13912615805311751     
  0.62400000000000000       0.13994309199891292     
  0.62500000000000000       0.14076063843771819     
  0.62600000000000000       0.14157879489285519     
  0.62700000000000000       0.14239755889872663     
  0.62800000000000000       0.14321692800077751     
  0.62900000000000000       0.14403689975543743     
  0.63000000000000000       0.14485747173007474     
  0.63100000000000001       0.14567864150294463     
  0.63200000000000001       0.14650040666314390     
  0.63300000000000001       0.14732276481055800     
  0.63400000000000001       0.14814571355581374     
  0.63500000000000001       0.14896925052023191     
  0.63600000000000001       0.14979337333577730     
  0.63700000000000001       0.15061807964500989     
  0.63800000000000001       0.15144336710103951     
  0.63900000000000001       0.15226923336747333     
  0.64000000000000001       0.15309567611837477     
  0.64100000000000001       0.15392269303820882     
  0.64200000000000002       0.15475028182180034     
  0.64300000000000002       0.15557844017428418     
  0.64400000000000002       0.15640716581105768     
  0.64500000000000002       0.15723645645773637     
  0.64600000000000002       0.15806630985010472     
  0.64700000000000002       0.15889672373407221     
  0.64800000000000002       0.15972769586562385     
  0.64900000000000002       0.16055922401077849     
  0.65000000000000002       0.16139130594553847     
  0.65100000000000002       0.16222393945584773     
  0.65200000000000002       0.16305712233754199     
  0.65300000000000002       0.16389085239630879     
  0.65400000000000003       0.16472512744763784     
  0.65500000000000003       0.16555994531677859     
  0.65600000000000003       0.16639530383869428     
  0.65700000000000003       0.16723120085801668     
  0.65800000000000003       0.16806763422900484     
  0.65900000000000003       0.16890460181549516     
  0.66000000000000003       0.16974210149086510     
  0.66100000000000003       0.17058013113798226     
  0.66200000000000003       0.17141868864916265     
  0.66300000000000003       0.17225777192612990     
  0.66400000000000003       0.17309737887996940     
  0.66500000000000004       0.17393750743108527     
  0.66600000000000004       0.17477815550915726     
  0.66700000000000004       0.17561932105309852     
  0.66800000000000004       0.17646100201101472     
  0.66900000000000004       0.17730319634015690     
  0.67000000000000004       0.17814590200688352     
  0.67100000000000004       0.17898911698661685     
  0.67200000000000004       0.17983283926379956     
  0.67300000000000004       0.18067706683185730     
  0.67400000000000004       0.18152179769315019     
  0.67500000000000004       0.18236702985893893     
  0.67600000000000005       0.18321276134933828     
  0.67700000000000005       0.18405899019327887     
  0.67800000000000005       0.18490571442846321     
  0.67900000000000005       0.18575293210132854     
  0.68000000000000005       0.18660064126700504     
  0.68100000000000005       0.18744883998927392     
  0.68200000000000005       0.18829752634052893     
  0.68300000000000005       0.18914669840173670     
  0.68400000000000005       0.18999635426239447     
  0.68500000000000005       0.19084649202049370     
  0.68600000000000005       0.19169710978247667     
  0.68700000000000006       0.19254820566320135     
  0.68800000000000006       0.19339977778589895     
  0.68900000000000006       0.19425182428213650     
  0.69000000000000006       0.19510434329177834     
  0.69100000000000006       0.19595733296294487     
  0.69200000000000006       0.19681079145197861     
  0.69300000000000006       0.19766471692340104     
  0.69400000000000006       0.19851910754987606     
  0.69500000000000006       0.19937396151217640     
  0.69600000000000006       0.20022927699913756     
  0.69700000000000006       0.20108505220762635     
  0.69800000000000006       0.20194128534250216     
  0.69900000000000007       0.20279797461657784     
  0.70000000000000007       0.20365511825058413     
  0.70100000000000007       0.20451271447313335     
  0.70200000000000007       0.20537076152067851     
  0.70300000000000007       0.20622925763748284     
  0.70399999999999996       0.20708820107557890     
  0.70499999999999996       0.20794759009473190     
  0.70599999999999996       0.20880742296240701     
  0.70699999999999996       0.20966769795372930     
  0.70799999999999996       0.21052841335145162     
  0.70899999999999996       0.21138956744591592     
  0.70999999999999996       0.21225115853501930     
  0.71099999999999997       0.21311318492417791     
  0.71199999999999997       0.21397564492629156     
  0.71299999999999997       0.21483853686171089     
  0.71399999999999997       0.21570185905819800     
  0.71499999999999997       0.21656560985089640     
  0.71599999999999997       0.21742978758229353     
  0.71699999999999997       0.21829439060218714     
  0.71799999999999997       0.21915941726765009     
  0.71899999999999997       0.22002486594299930     
  0.71999999999999997       0.22089073499975664     
  0.72099999999999997       0.22175702281662141     
  0.72199999999999998       0.22262372777942963     
  0.72299999999999998       0.22349084828112620     
  0.72399999999999998       0.22435838272172914     
  0.72499999999999998       0.22522632950829730     
  0.72599999999999998       0.22609468705489533     
  0.72699999999999998       0.22696345378256294     
  0.72799999999999998       0.22783262811928201     
  0.72899999999999998       0.22870220849994138     
  0.72999999999999998       0.22957219336630785     
  0.73099999999999998       0.23044258116699229     
  0.73199999999999998       0.23131337035741623     
  0.73299999999999998       0.23218455939978216     
  0.73399999999999999       0.23305614676304065     
  0.73499999999999999       0.23392813092285797     
  0.73599999999999999       0.23480051036158478     
  0.73699999999999999       0.23567328356822698     
  0.73799999999999999       0.23654644903840927     
  0.73899999999999999       0.23742000527435014     
  0.73999999999999999       0.23829395078482601     
  0.74099999999999999       0.23916828408514279     
  0.74199999999999999       0.24004300369710585     
  0.74299999999999999       0.24091810814898645     
  0.74399999999999999       0.24179359597549305     
  0.74500000000000000       0.24266946571774384     
  0.74600000000000000       0.24354571592323021     
  0.74700000000000000       0.24442234514579247     
  0.74800000000000000       0.24529935194558761     
  0.74900000000000000       0.24617673488905867     
  0.75000000000000000       0.24705449254890866     
  0.75100000000000000       0.24793262350406614     
  0.75200000000000000       0.24881112633966052     
  0.75300000000000000       0.24968999964698957     
  0.75400000000000000       0.25056924202349223     
  0.75500000000000000       0.25144885207271928     
  0.75600000000000001       0.25232882840430432     
  0.75700000000000001       0.25320916963393614     
  0.75800000000000001       0.25408987438332736     
  0.75900000000000001       0.25497094128018954     
  0.76000000000000001       0.25585236895820368     
  0.76100000000000001       0.25673415605699079     
  0.76200000000000001       0.25761630122208673     
  0.76300000000000001       0.25849880310491058     
  0.76400000000000001       0.25938166036274080     
  0.76500000000000001       0.26026487165868489     
  0.76600000000000001       0.26114843566165385     
  0.76700000000000002       0.26203235104633371     
  0.76800000000000002       0.26291661649315745     
  0.76900000000000002       0.26380123068828143     
  0.77000000000000002       0.26468619232355434     
  0.77100000000000002       0.26557150009649239     
  0.77200000000000002       0.26645715271025433     
  0.77300000000000002       0.26734314887361055     
  0.77400000000000002       0.26822948730092089     
  0.77500000000000002       0.26911616671210464     
  0.77600000000000002       0.27000318583261929     
  0.77700000000000002       0.27089054339343011     
  0.77800000000000002       0.27177823813098489     
  0.77900000000000003       0.27266626878719080     
  0.78000000000000003       0.27355463410938358     
  0.78100000000000003       0.27444333285030975     
  0.78200000000000003       0.27533236376809406     
  0.78300000000000003       0.27622172562621683     
  0.78400000000000003       0.27711141719348920     
  0.78500000000000003       0.27800143724402776     
  0.78600000000000003       0.27889178455722913     
  0.78700000000000003       0.27978245791774625     
  0.78800000000000003       0.28067345611546202     
  0.78900000000000003       0.28156477794546636     
  0.79000000000000004       0.28245642220803119     
  0.79100000000000004       0.28334838770858428     
  0.79200000000000004       0.28424067325768837     
  0.79300000000000004       0.28513327767101460     
  0.79400000000000004       0.28602619976931865     
  0.79500000000000004       0.28691943837842016     
  0.79600000000000004       0.28781299232917168     
  0.79700000000000004       0.28870686045744243     
  0.79800000000000004       0.28960104160409289     
  0.79900000000000004       0.29049553461494826     
  0.80000000000000004       0.29139033834077782     
  0.80100000000000005       0.29228545163727054     
  0.80200000000000005       0.29318087336501403     
  0.80300000000000005       0.29407660238946981     
  0.80400000000000005       0.29497263758094916     
  0.80500000000000005       0.29586897781459381     
  0.80600000000000005       0.29676562197035106     
  0.80700000000000005       0.29766256893295123     
  0.80800000000000005       0.29855981759188543     
  0.80900000000000005       0.29945736684138302     
  0.81000000000000005       0.30035521558039152     
  0.81100000000000005       0.30125336271255138     
  0.81200000000000006       0.30215180714617562     
  0.81300000000000006       0.30305054779422730     
  0.81400000000000006       0.30394958357430019     
  0.81500000000000006       0.30484891340859144     
  0.81600000000000006       0.30574853622388676     
  0.81700000000000006       0.30664845095153459     
  0.81800000000000006       0.30754865652742536     
  0.81900000000000006       0.30844915189197125     
  0.82000000000000006       0.30934993599008592     
  0.82100000000000006       0.31025100777115922     
  0.82200000000000006       0.31115236618904168     
  0.82300000000000006       0.31205401020201962     
  0.82400000000000007       0.31295593877279682     
  0.82500000000000007       0.31385815086847113     
  0.82600000000000007       0.31476064546051818     
  0.82700000000000007       0.31566342152476667     
  0.82800000000000007       0.31656647804138072     
  0.82900000000000007       0.31746981399483837     
  0.83000000000000007       0.31837342837391081     
  0.83100000000000007       0.31927732017164506     
  0.83200000000000007       0.32018148838533900     
  0.83299999999999996       0.32108593201653002     
  0.83399999999999996       0.32199065007096522     
  0.83499999999999996       0.32289564155858835     
  0.83599999999999997       0.32380090549351698     
  0.83699999999999997       0.32470644089402684     
  0.83799999999999997       0.32561224678252804     
  0.83899999999999997       0.32651832218554844     
  0.83999999999999997       0.32742466613371368     
  0.84099999999999997       0.32833127766172843     
  0.84199999999999997       0.32923815580835586     
  0.84299999999999997       0.33014529961640066     
  0.84399999999999997       0.33105270813269050     
  0.84499999999999997       0.33196038040805509     
  0.84599999999999997       0.33286831549730933     
  0.84699999999999998       0.33377651245923434     
  0.84799999999999998       0.33468497035655831     
  0.84899999999999998       0.33559368825593883     
  0.84999999999999998       0.33650266522794353     
  0.85099999999999998       0.33741190034703589     
  0.85199999999999998       0.33832139269155098     
  0.85299999999999998       0.33923114134368165     
  0.85399999999999998       0.34014114538946061     
  0.85499999999999998       0.34105140391873839     
  0.85599999999999998       0.34196191602517240     
  0.85699999999999998       0.34287268080620259     
  0.85799999999999998       0.34378369736303899     
  0.85899999999999999       0.34469496480064121     
  0.85999999999999999       0.34560648222770191     
  0.86099999999999999       0.34651824875662940     
  0.86199999999999999       0.34743026350353029     
  0.86299999999999999       0.34834252558819345     
  0.86399999999999999       0.34925503413407100     
  0.86499999999999999       0.35016778826826211     
  0.86599999999999999       0.35108078712149843     
  0.86699999999999999       0.35199402982812328     
  0.86799999999999999       0.35290751552607735     
  0.86899999999999999       0.35382124335688092     
  0.87000000000000000       0.35473521246562012     
  0.87100000000000000       0.35564942200092575     
  0.87200000000000000       0.35656387111495924     
  0.87300000000000000       0.35747855896339953     
  0.87400000000000000       0.35839348470542060     
  0.87500000000000000       0.35930864750367963     
  0.87600000000000000       0.36022404652429968     
  0.87700000000000000       0.36113968093685361     
  0.87800000000000000       0.36205554991434841     
  0.87900000000000000       0.36297165263320857     
  0.88000000000000000       0.36388798827326213     
  0.88100000000000001       0.36480455601772338     
  0.88200000000000001       0.36572135505317682     
  0.88300000000000001       0.36663838456956316     
  0.88400000000000001       0.36755564376016275     
  0.88500000000000001       0.36847313182158148     
  0.88600000000000001       0.36939084795373278     
  0.88700000000000001       0.37030879135982636     
  0.88800000000000001       0.37122696124634913     
  0.88900000000000001       0.37214535682305261     
  0.89000000000000001       0.37306397730293639     
  0.89100000000000001       0.37398282190223509     
  0.89200000000000002       0.37490188984040135     
  0.89300000000000002       0.37582118034009315     
  0.89400000000000002       0.37674069262715582     
  0.89500000000000002       0.37766042593061150     
  0.89600000000000002       0.37858037948264067     
  0.89700000000000002       0.37950055251857240     
  0.89800000000000002       0.38042094427686440     
  0.89900000000000002       0.38134155399909198     
  0.90000000000000002       0.38226238092993392     
  0.90100000000000002       0.38318342431715563     
  0.90200000000000002       0.38410468341159881     
  0.90300000000000002       0.38502615746716407     
  0.90400000000000003       0.38594784574079782     
  0.90500000000000003       0.38686974749247960     
  0.90600000000000003       0.38779186198520699     
  0.90700000000000003       0.38871418848498113     
  0.90800000000000003       0.38963672626079543     
  0.90900000000000003       0.39055947458461931     
  0.91000000000000003       0.39148243273138539     
  0.91100000000000003       0.39240559997897639     
  0.91200000000000003       0.39332897560821234     
  0.91300000000000003       0.39425255890283512     
  0.91400000000000003       0.39517634914949717     
  0.91500000000000004       0.39610034563774543     
  0.91600000000000004       0.39702454766001261     
  0.91700000000000004       0.39794895451159962     
  0.91800000000000004       0.39887356549066544     
  0.91900000000000004       0.39979837989821132     
  0.92000000000000004       0.40072339703807169     
  0.92100000000000004       0.40164861621689563     
  0.92200000000000004       0.40257403674414133     
  0.92300000000000004       0.40349965793205667     
  0.92400000000000004       0.40442547909566973     
  0.92500000000000004       0.40535149955277744     
  0.92600000000000005       0.40627771862392803     
  0.92700000000000005       0.40720413563241548     
  0.92800000000000005       0.40813074990425974     
  0.92900000000000005       0.40905756076819921     
  0.93000000000000005       0.40998456755567786     
  0.93100000000000005       0.41091176960083187     
  0.93200000000000005       0.41183916624047606     
  0.93300000000000005       0.41276675681409547     
  0.93400000000000005       0.41369454066383043     
  0.93500000000000005       0.41462251713446457     
  0.93600000000000005       0.41555068557341390     
  0.93700000000000006       0.41647904533071456     
  0.93800000000000006       0.41740759575901143     
  0.93900000000000006       0.41833633621354460     
  0.94000000000000006       0.41926526605214015     
  0.94100000000000006       0.42019438463519548     
  0.94200000000000006       0.42112369132567073     
  0.94300000000000006       0.42205318548907511     
  0.94400000000000006       0.42298286649345695     
  0.94500000000000006       0.42391273370938948     
  0.94600000000000006       0.42484278650996310     
  0.94700000000000006       0.42577302427077041     
  0.94800000000000006       0.42670344636989938     
  0.94900000000000007       0.42763405218791650     
  0.95000000000000007       0.42856484110786025     
  0.95100000000000007       0.42949581251522795     
  0.95200000000000007       0.43042696579796424     
  0.95300000000000007       0.43135830034645262     
  0.95400000000000007       0.43228981555349960     
  0.95500000000000007       0.43322151081432958     
  0.95600000000000007       0.43415338552657051     
  0.95700000000000007       0.43508543909024394     
  0.95800000000000007       0.43601767090775195     
  0.95900000000000007       0.43695008038387162     
  0.95999999999999996       0.43788266692574063     
  0.96099999999999997       0.43881542994284678     
  0.96199999999999997       0.43974836884701746     
  0.96299999999999997       0.44068148305241051     
  0.96399999999999997       0.44161477197550431     
  0.96499999999999997       0.44254823503508295     
  0.96599999999999997       0.44348187165223141     
  0.96699999999999997       0.44441568125032371     
  0.96799999999999997       0.44534966325500902     
  0.96899999999999997       0.44628381709420639     
  0.96999999999999997       0.44721814219809131     
  0.97099999999999997       0.44815263799908805     
  0.97199999999999998       0.44908730393185692     
  0.97299999999999998       0.45002213943328589     
  0.97399999999999998       0.45095714394248271     
  0.97499999999999998       0.45189231690075937     
  0.97599999999999998       0.45282765775162848     
  0.97699999999999998       0.45376316594078869     
  0.97799999999999998       0.45469884091611718     
  0.97899999999999998       0.45563468212766089     
  0.97999999999999998       0.45657068902762377     
  0.98099999999999998       0.45750686107036170     
  0.98199999999999998       0.45844319771236663     
  0.98299999999999998       0.45937969841226278     
  0.98399999999999999       0.46031636263079551     
  0.98499999999999999       0.46125318983081992     
  0.98599999999999999       0.46219017947729346     
  0.98699999999999999       0.46312733103726678     
  0.98799999999999999       0.46406464397987307     
  0.98899999999999999       0.46500211777631861     
  0.98999999999999999       0.46593975189987730     
  0.99099999999999999       0.46687754582587443     
  0.99199999999999999       0.46781549903168457     
  0.99299999999999999       0.46875361099672019     
  0.99399999999999999       0.46969188120241967     
  0.99500000000000000       0.47063030913224357     
  0.99600000000000000       0.47156889427166038     
  0.99700000000000000       0.47250763610814023     
  0.99800000000000000       0.47344653413114945     
  0.99900000000000000       0.47438558783213386     
