   1.0400000000000009       -24.999999999999424     
   1.0800000000000001       -12.499999999999989     
   1.1200000000000010       -8.3333333333332646     
   1.1600000000000001       -6.2499999999999947     
   1.2000000000000011       -4.9999999999999734     
   1.2400000000000002       -4.1666666666666634     
   1.2799999999999994       -3.5714285714285796     
   1.3200000000000003       -3.1249999999999973     
   1.3599999999999994       -2.7777777777777821     
   1.4000000000000004       -2.4999999999999978     
   1.4399999999999995       -2.2727272727272751     
   1.4800000000000004       -2.0833333333333317     
   1.5199999999999996       -1.9230769230769247     
   1.5600000000000005       -1.7857142857142840     
   1.5999999999999996       -1.6666666666666676     
   1.6400000000000006       -1.5624999999999987     
   1.6799999999999997       -1.4705882352941182     
   1.7200000000000006       -1.3888888888888877     
   1.7599999999999998       -1.3157894736842108     
   1.8000000000000007       -1.2499999999999989     
   1.8399999999999999       -1.1904761904761907     
   1.8800000000000008       -1.1363636363636354     
   1.9199999999999999       -1.0869565217391306     
   1.9600000000000009       -1.0416666666666659     
   2.0000000000000000       -1.0000000000000000     
   2.0400000000000009      -0.96153846153846068     
   2.0800000000000001      -0.92592592592592582     
   2.1200000000000010      -0.89285714285714202     
   2.1600000000000001      -0.86206896551724133     
   2.2000000000000011      -0.83333333333333259     
   2.2400000000000002      -0.80645161290322565     
   2.2800000000000011      -0.78124999999999933     
   2.3200000000000003      -0.75757575757575746     
   2.3599999999999994      -0.73529411764705910     
   2.4000000000000004      -0.71428571428571408     
   2.4399999999999995      -0.69444444444444464     
   2.4800000000000004      -0.67567567567567544     
   2.5199999999999996      -0.65789473684210542     
   2.5600000000000005      -0.64102564102564086     
   2.5999999999999996      -0.62500000000000011     
   2.6400000000000006      -0.60975609756097537     
   2.6799999999999997      -0.59523809523809534     
   2.7200000000000006      -0.58139534883720911     
   2.7599999999999998      -0.56818181818181823     
   2.8000000000000007      -0.55555555555555536     
   2.8399999999999999      -0.54347826086956530     
   2.8800000000000008      -0.53191489361702105     
   2.9199999999999999      -0.52083333333333337     
   2.9600000000000009      -0.51020408163265285     
   3.0000000000000000      -0.50000000000000000     
   3.0400000000000009      -0.49019607843137231     
   3.0800000000000001      -0.48076923076923073     
   3.1200000000000010      -0.47169811320754695     
   3.1600000000000001      -0.46296296296296291     
   3.2000000000000011      -0.45454545454545431     
   3.2400000000000002      -0.44642857142857140     
   3.2800000000000011      -0.43859649122806993     
   3.3200000000000003      -0.43103448275862066     
   3.3599999999999994      -0.42372881355932213     
   3.4000000000000004      -0.41666666666666663     
   3.4399999999999995      -0.40983606557377056     
   3.4800000000000004      -0.40322580645161282     
   3.5199999999999996      -0.39682539682539691     
   3.5600000000000005      -0.39062499999999994     
   3.5999999999999996      -0.38461538461538469     
   3.6400000000000006      -0.37878787878787873     
   3.6799999999999997      -0.37313432835820898     
   3.7200000000000006      -0.36764705882352933     
   3.7599999999999998      -0.36231884057971020     
   3.8000000000000007      -0.35714285714285704     
   3.8399999999999999      -0.35211267605633806     
   3.8800000000000008      -0.34722222222222215     
   3.9199999999999999      -0.34246575342465752     
   3.9600000000000009      -0.33783783783783772     
   4.0000000000000000      -0.33333333333333331     
   4.0400000000000009      -0.32894736842105254     
   4.0800000000000001      -0.32467532467532467     
   4.1200000000000010      -0.32051282051282043     
   4.1600000000000001      -0.31645569620253161     
   4.2000000000000011      -0.31249999999999989     
   4.2400000000000002      -0.30864197530864196     
   4.2800000000000011      -0.30487804878048769     
   4.3200000000000003      -0.30120481927710840     
   4.3599999999999994      -0.29761904761904767     
   4.4000000000000004      -0.29411764705882348     
   4.4399999999999995      -0.29069767441860467     
   4.4800000000000004      -0.28735632183908044     
   4.5199999999999996      -0.28409090909090912     
   4.5600000000000005      -0.28089887640449435     
   4.5999999999999996      -0.27777777777777779     
   4.6400000000000006      -0.27472527472527469     
   4.6799999999999997      -0.27173913043478265     
   4.7200000000000006      -0.26881720430107520     
   4.7599999999999998      -0.26595744680851063     
   4.8000000000000007      -0.26315789473684204     
   4.8399999999999999      -0.26041666666666669     
   4.8800000000000008      -0.25773195876288657     
   4.9199999999999999      -0.25510204081632654     
   4.9600000000000009      -0.25252525252525249     
   5.0000000000000000      -0.25000000000000000     
   5.0400000000000009      -0.24752475247524747     
   5.0800000000000001      -0.24509803921568626     
   5.1200000000000010      -0.24271844660194170     
   5.1600000000000001      -0.24038461538461536     
   5.2000000000000011      -0.23809523809523803     
   5.2400000000000002      -0.23584905660377356     
   5.2800000000000011      -0.23364485981308405     
   5.3200000000000003      -0.23148148148148145     
   5.3599999999999994      -0.22935779816513766     
   5.4000000000000004      -0.22727272727272727     
   5.4399999999999995      -0.22522522522522526     
   5.4800000000000004      -0.22321428571428570     
   5.5199999999999996      -0.22123893805309736     
   5.5600000000000005      -0.21929824561403508     
   5.5999999999999996      -0.21739130434782611     
   5.6400000000000006      -0.21551724137931033     
   5.6799999999999997      -0.21367521367521369     
   5.7200000000000006      -0.21186440677966098     
   5.7599999999999998      -0.21008403361344538     
   5.8000000000000007      -0.20833333333333331     
   5.8399999999999999      -0.20661157024793389     
   5.8800000000000008      -0.20491803278688522     
   5.9199999999999999      -0.20325203252032520     
   5.9600000000000009      -0.20161290322580641     
   6.0000000000000000      -0.20000000000000001     
   6.0399999999999991      -0.19841269841269846     
   6.0800000000000018      -0.19685039370078733     
   6.1200000000000010      -0.19531249999999997     
   6.1600000000000001      -0.19379844961240308     
   6.1999999999999993      -0.19230769230769235     
   6.2400000000000020      -0.19083969465648848     
   6.2800000000000011      -0.18939393939393936     
   6.3200000000000003      -0.18796992481203006     
   6.3599999999999994      -0.18656716417910449     
   6.3999999999999986      -0.18518518518518523     
   6.4400000000000013      -0.18382352941176466     
   6.4800000000000004      -0.18248175182481752     
   6.5199999999999996      -0.18115942028985510     
   6.5599999999999987      -0.17985611510791372     
   6.6000000000000014      -0.17857142857142852     
   6.6400000000000006      -0.17730496453900707     
   6.6799999999999997      -0.17605633802816903     
   6.7199999999999989      -0.17482517482517487     
   6.7600000000000016      -0.17361111111111108     
   6.8000000000000007      -0.17241379310344826     
   6.8399999999999999      -0.17123287671232876     
   6.8799999999999990      -0.17006802721088438     
   6.9200000000000017      -0.16891891891891886     
   6.9600000000000009      -0.16778523489932884     
   7.0000000000000000      -0.16666666666666666     
   7.0399999999999991      -0.16556291390728478     
   7.0800000000000018      -0.16447368421052627     
   7.1200000000000010      -0.16339869281045749     
   7.1600000000000001      -0.16233766233766234     
   7.1999999999999993      -0.16129032258064518     
   7.2400000000000020      -0.16025641025641021     
   7.2800000000000011      -0.15923566878980888     
   7.3200000000000003      -0.15822784810126581     
   7.3599999999999994      -0.15723270440251574     
   7.4000000000000021      -0.15624999999999994     
   7.4400000000000013      -0.15527950310559002     
   7.4800000000000004      -0.15432098765432098     
   7.5199999999999996      -0.15337423312883436     
   7.5599999999999987      -0.15243902439024393     
   7.6000000000000014      -0.15151515151515149     
   7.6400000000000006      -0.15060240963855420     
   7.6799999999999997      -0.14970059880239522     
   7.7199999999999989      -0.14880952380952384     
   7.7600000000000016      -0.14792899408284022     
   7.8000000000000007      -0.14705882352941174     
   7.8399999999999999      -0.14619883040935672     
   7.8799999999999990      -0.14534883720930233     
   7.9200000000000017      -0.14450867052023117     
   7.9600000000000009      -0.14367816091954022     
   8.0000000000000000      -0.14285714285714285     
   8.0399999999999991      -0.14204545454545456     
   8.0800000000000018      -0.14124293785310732     
   8.1200000000000010      -0.14044943820224717     
   8.1600000000000001      -0.13966480446927373     
   8.1999999999999993      -0.13888888888888890     
   8.2400000000000020      -0.13812154696132592     
   8.2800000000000011      -0.13736263736263735     
   8.3200000000000003      -0.13661202185792348     
   8.3599999999999994      -0.13586956521739132     
   8.4000000000000021      -0.13513513513513509     
   8.4400000000000013      -0.13440860215053760     
   8.4800000000000004      -0.13368983957219249     
   8.5199999999999996      -0.13297872340425532     
   8.5599999999999987      -0.13227513227513230     
   8.6000000000000014      -0.13157894736842102     
   8.6400000000000006      -0.13089005235602094     
   8.6799999999999997      -0.13020833333333334     
   8.7199999999999989      -0.12953367875647670     
   8.7600000000000016      -0.12886597938144329     
   8.8000000000000007      -0.12820512820512819     
   8.8399999999999999      -0.12755102040816327     
   8.8799999999999990      -0.12690355329949241     
   8.9200000000000017      -0.12626262626262624     
   8.9600000000000009      -0.12562814070351758     
   9.0000000000000000      -0.12500000000000000     
   9.0399999999999991      -0.12437810945273634     
   9.0800000000000018      -0.12376237623762373     
   9.1200000000000010      -0.12315270935960590     
   9.1600000000000001      -0.12254901960784313     
   9.1999999999999993      -0.12195121951219513     
   9.2400000000000020      -0.12135922330097085     
   9.2800000000000011      -0.12077294685990336     
   9.3200000000000003      -0.12019230769230768     
   9.3599999999999994      -0.11961722488038279     
   9.4000000000000021      -0.11904761904761901     
   9.4400000000000013      -0.11848341232227487     
   9.4800000000000004      -0.11792452830188678     
   9.5199999999999996      -0.11737089201877934     
   9.5599999999999987      -0.11682242990654207     
   9.6000000000000014      -0.11627906976744184     
   9.6400000000000006      -0.11574074074074073     
   9.6799999999999997      -0.11520737327188940     
   9.7199999999999989      -0.11467889908256883     
   9.7600000000000016      -0.11415525114155249     
   9.8000000000000007      -0.11363636363636363     
   9.8399999999999999      -0.11312217194570136     
   9.8799999999999990      -0.11261261261261263     
   9.9200000000000017      -0.11210762331838563     
   9.9600000000000009      -0.11160714285714285     
