  -10.000000000000000       0.54402111088936977     
  -9.9800000000000004       0.52713199845208603     
  -9.9600000000000009       0.51003204024375437     
  -9.9399999999999995       0.49272807601966023     
  -9.9199999999999999       0.47522702713477982     
  -9.9000000000000004       0.45753589377532133     
  -9.8800000000000008       0.43966175215875003     
  -9.8599999999999994       0.42161175170339216     
  -9.8399999999999999       0.40339311216876961     
  -9.8200000000000003       0.38501312076778266     
  -9.8000000000000007       0.36647912925192838     
  -9.7799999999999994       0.34779855097069501     
  -9.7599999999999998       0.32897885790632714     
  -9.7400000000000002       0.31002757768512301     
  -9.7200000000000006       0.29095229056649080     
  -9.6999999999999993       0.27176062641094245     
  -9.6799999999999997       0.25246026162825808     
  -9.6600000000000001       0.23305891610701440     
  -9.6400000000000006       0.21356435012673869     
  -9.6199999999999992       0.19398436125389723     
  -9.5999999999999996       0.17432678122297965     
  -9.5800000000000001       0.15459947280389894     
  -9.5600000000000005       0.13481032665699549     
  -9.5399999999999991       0.11496725817687455     
  -9.5199999999999996        9.5078204326360952E-002
  -9.5000000000000000        7.5151120461809301E-002
  -9.4800000000000004        5.5193977151074512E-002
  -9.4600000000000009        3.5214756985389180E-002
  -9.4399999999999995        1.5221451386431743E-002
  -9.4199999999999999       -4.7779425901285115E-003
  -9.4000000000000004       -2.4775425453357765E-002
  -9.3800000000000008       -4.4762998476740277E-002
  -9.3599999999999994       -6.4732666897565891E-002
  -9.3399999999999999       -8.4676443114721417E-002
  -9.3200000000000003      -0.10458634988363526     
  -9.3000000000000007      -0.12445442350706171     
  -9.2799999999999994      -0.14427271702045727     
  -9.2599999999999998      -0.16403330337065350     
  -9.2400000000000002      -0.18372827858658300     
  -9.2200000000000006      -0.20334976494075557     
  -9.1999999999999993      -0.22288991410024764     
  -9.1799999999999997      -0.24234091026592378     
  -9.1600000000000001      -0.26169497329866259     
  -9.1400000000000006      -0.28094436183130178     
  -9.1199999999999992      -0.30008137636508497     
  -9.0999999999999996      -0.31909836234935213     
  -9.0800000000000001      -0.33798771324326760     
  -9.0600000000000005      -0.35674187355832859     
  -9.0399999999999991      -0.37535334188046277     
  -9.0199999999999996      -0.39381467387048763     
  -9.0000000000000000      -0.41211848524175659     
  -8.9800000000000004      -0.43025745471376869     
  -8.9600000000000009      -0.44822432694058489     
  -8.9399999999999995      -0.46601191541287112     
  -8.9199999999999999      -0.48361310533239998     
  -8.9000000000000004      -0.50102085645788463     
  -8.8799999999999990      -0.51822820592097674     
  -8.8599999999999994      -0.53522827101131620     
  -8.8399999999999999      -0.55201425192953291     
  -8.8200000000000003      -0.56857943450706960     
  -8.8000000000000007      -0.58491719289176169     
  -8.7799999999999994      -0.60102099219809035     
  -8.7599999999999998      -0.61688439112104476     
  -8.7400000000000002      -0.63250104451256628     
  -8.7200000000000006      -0.64786470591951761     
  -8.6999999999999993      -0.66296923008218334     
  -8.6799999999999997      -0.67780857539228678     
  -8.6600000000000001      -0.69237680630956044     
  -8.6400000000000006      -0.70666809573587797     
  -8.6199999999999992      -0.72067672734601806     
  -8.5999999999999996      -0.73439709787411334     
  -8.5800000000000001      -0.74782371935488978     
  -8.5600000000000005      -0.76095122131877435     
  -8.5399999999999991      -0.77377435294001340     
  -8.5199999999999996      -0.78628798513692921     
  -8.5000000000000000      -0.79848711262349026     
  -8.4800000000000004      -0.81036685591135482     
  -8.4600000000000009      -0.82192246326160223     
  -8.4399999999999995      -0.83314931258536595     
  -8.4199999999999999      -0.84404291329260406     
  -8.4000000000000004      -0.85459890808828043     
  -8.3799999999999990      -0.86481307471522273     
  -8.3599999999999994      -0.87468132764296525     
  -8.3399999999999999      -0.88419971970191269     
  -8.3200000000000003      -0.89336444366215195     
  -8.3000000000000007      -0.90217183375629328     
  -8.2799999999999994      -0.91061836714573041     
  -8.2599999999999998      -0.91870066532972472     
  -8.2400000000000002      -0.92641549549676616     
  -8.2200000000000006      -0.93375977181765069     
  -8.1999999999999993      -0.94073055667977312     
  -8.1799999999999997      -0.94732506186212995     
  -8.1600000000000001      -0.95354064965057428     
  -8.1400000000000006      -0.95937483389286415     
  -8.1199999999999992      -0.96482528099309128     
  -8.0999999999999996      -0.96988981084508630     
  -8.0800000000000001      -0.97456639770443498     
  -8.0600000000000005      -0.97885317099874736     
  -8.0399999999999991      -0.98274841607586216     
  -8.0199999999999996      -0.98625057488968371     
  -8.0000000000000000      -0.98935824662338179     
  -7.9800000000000004      -0.99207018824969795     
  -7.9600000000000000      -0.99438531502814043     
  -7.9399999999999995      -0.99630270093886575     
  -7.9199999999999999      -0.99782157905307434     
  -7.9000000000000004      -0.99894134183977201     
  -7.8799999999999999      -0.99966154140877417     
  -7.8599999999999994      -0.99998188968985557     
  -7.8399999999999999      -0.99990225854797521     
  -7.8200000000000003      -0.99942267983452793     
  -7.7999999999999998      -0.99854334537460498     
  -7.7799999999999994      -0.99726460689026586     
  -7.7599999999999998      -0.99558697585985478     
  -7.7400000000000002      -0.99351112331341584     
  -7.7199999999999998      -0.99103787956428979     
  -7.6999999999999993      -0.98816823387700026     
  -7.6799999999999997      -0.98490333407156083     
  -7.6600000000000001      -0.98124448606436210     
  -7.6400000000000006      -0.97719315334582302     
  -7.6200000000000001      -0.97275095639501374     
  -7.5999999999999996      -0.96791967203148632     
  -7.5800000000000001      -0.96270123270457009     
  -7.5600000000000005      -0.95709772572041729     
  -7.5400000000000000      -0.95111139240710896     
  -7.5199999999999996      -0.94474462721815378     
  -7.5000000000000000      -0.93799997677473890     
  -7.4800000000000004      -0.93088013884711363     
  -7.4600000000000000      -0.92338796127551892     
  -7.4399999999999995      -0.91552644083108925     
  -7.4199999999999999      -0.90729872201718398     
  -7.4000000000000004      -0.89870809581162692     
  -7.3799999999999999      -0.88975799835035962     
  -7.3599999999999994      -0.88045200955303393     
  -7.3399999999999999      -0.87079385169109114     
  -7.3200000000000003      -0.86078738789890163     
  -7.2999999999999998      -0.85043662062856440     
  -7.2799999999999994      -0.83974569004897948     
  -7.2599999999999998      -0.82871887238983533     
  -7.2400000000000002      -0.81736057823117292     
  -7.2199999999999998      -0.80567535073921326     
  -7.1999999999999993      -0.79366786384915267     
  -7.1799999999999997      -0.78134292039565001     
  -7.1600000000000001      -0.76870545019175585     
  -7.1400000000000006      -0.75576050805705430     
  -7.1200000000000001      -0.74251327179580184     
  -7.0999999999999996      -0.72896904012587593     
  -7.0800000000000001      -0.71513323055935785     
  -7.0600000000000005      -0.70101137723559870     
  -7.0400000000000000      -0.68660912870763846     
  -7.0199999999999996      -0.67193224568286147     
  -7.0000000000000000      -0.65698659871878906     
  -6.9800000000000004      -0.64177816587493375     
  -6.9600000000000000      -0.62631303032165586     
  -6.9399999999999995      -0.61059737790697843     
  -6.9199999999999999      -0.59463749468232863     
  -6.9000000000000004      -0.57843976438820011     
  -6.8799999999999999      -0.56201066590074300     
  -6.8599999999999994      -0.54535677064030130     
  -6.8399999999999999      -0.52848473994293077     
  -6.8200000000000003      -0.51140132239595237     
  -6.7999999999999998      -0.49411335113860816     
  -6.7799999999999994      -0.47662774112889872     
  -6.7599999999999998      -0.45895148637769029     
  -6.7400000000000002      -0.44109165715120235     
  -6.7199999999999998      -0.42305539714299684     
  -6.6999999999999993      -0.40484992061659753     
  -6.6799999999999997      -0.38648250951987934     
  -6.6600000000000001      -0.36796051057238466     
  -6.6400000000000006      -0.34929133232673570     
  -6.6200000000000001      -0.33048244220531092     
  -6.5999999999999996      -0.31154136351337786     
  -6.5800000000000001      -0.29247567242986972     
  -6.5600000000000005      -0.27329299497701326     
  -6.5400000000000000      -0.25400100397002312     
  -6.5199999999999996      -0.23460741594807993     
  -6.5000000000000000      -0.21511998808781552     
  -6.4800000000000004      -0.19554651510054424     
  -6.4600000000000000      -0.17589482611448401     
  -6.4399999999999995      -0.15617278154321104     
  -6.4199999999999999      -0.13638826994159764     
  -6.4000000000000004      -0.11654920485049364     
  -6.3799999999999999       -9.6663521631417240E-002
  -6.3599999999999994       -7.6739174292518031E-002
  -6.3399999999999999       -5.6784132307078052E-002
  -6.3200000000000003       -3.6806377425826917E-002
  -6.2999999999999998       -1.6813900484349713E-002
  -6.2799999999999994        3.1853017931388786E-003
  -6.2599999999999998        2.3183229992379449E-002
  -6.2400000000000002        4.3171885208728680E-002
  -6.2199999999999998        6.3143272246612772E-002
  -6.1999999999999993        8.3089402817497285E-002
  -6.1799999999999997       0.10300229873509785     
  -6.1600000000000001       0.12287399510655005     
  -6.1400000000000006       0.14269654351825772     
  -6.1200000000000001       0.16246201521515419     
  -6.0999999999999996       0.18216250427209588     
  -6.0800000000000001       0.20179013075612889     
  -6.0600000000000005       0.22133704387835867     
  -6.0400000000000000       0.24079542513415919     
  -6.0199999999999996       0.26015749143046890     
  -6.0000000000000000       0.27941549819892586     
  -5.9799999999999995       0.29856174249359441     
  -5.9600000000000000       0.31758856607203484     
  -5.9399999999999995       0.33648835845850505     
  -5.9199999999999999       0.35525355998804264     
  -5.9000000000000004       0.37387666483023602     
  -5.8799999999999999       0.39235022399145386     
  -5.8600000000000003       0.41066684829434086     
  -5.8399999999999999       0.42881921133339590     
  -5.8200000000000003       0.44680005240543003     
  -5.7999999999999998       0.46460217941375737     
  -5.7800000000000002       0.48221847174493154     
  -5.7599999999999998       0.49964188311690244     
  -5.7400000000000002       0.51686544439742876     
  -5.7199999999999998       0.53388226639164427     
  -5.7000000000000002       0.55068554259763758     
  -5.6799999999999997       0.56726855192896863     
  -5.6600000000000001       0.58362466140300728     
  -5.6399999999999997       0.59974732879404380     
  -5.6200000000000001       0.61563010525008632     
  -5.5999999999999996       0.63126663787232162     
  -5.5800000000000001       0.64665067225618345     
  -5.5599999999999996       0.66177605499303760     
  -5.5400000000000000       0.67663673613145692     
  -5.5199999999999996       0.69122677159712709     
  -5.5000000000000000       0.70554032557039192     
  -5.4799999999999995       0.71957167282050805     
  -5.4600000000000000       0.73331520099565650     
  -5.4399999999999995       0.74676541286781295     
  -5.4199999999999999       0.75991692853156101     
  -5.3999999999999995       0.77276448755598770     
  -5.3799999999999999       0.78530295108878057     
  -5.3600000000000003       0.79752730391170423     
  -5.3399999999999999       0.80943265644661944     
  -5.3200000000000003       0.82101424671124701     
  -5.2999999999999998       0.83226744222390125     
  -5.2800000000000002       0.84318774185641676     
  -5.2599999999999998       0.85377077763454334     
  -5.2400000000000002       0.86401231648507437     
  -5.2199999999999998       0.87390826192902238     
  -5.2000000000000002       0.88345465572015314     
  -5.1799999999999997       0.89264767942823464     
  -5.1600000000000001       0.90148365596635482     
  -5.1399999999999997       0.90995905106171060     
  -5.1200000000000001       0.91807047466926694     
  -5.0999999999999996       0.92581468232773245     
  -5.0800000000000001       0.93318857645729758     
  -5.0599999999999996       0.94018920759862867     
  -5.0400000000000000       0.94681377559260893     
  -5.0199999999999996       0.95305963070036770     
  -5.0000000000000000       0.95892427466313845     
  -4.9799999999999995       0.96440536170153068     
  -4.9600000000000000       0.96950069945380879     
  -4.9399999999999995       0.97420824985280929     
  -4.9199999999999999       0.97852612994113852     
  -4.8999999999999995       0.98245261262433259     
  -4.8799999999999999       0.98598612736167035     
  -4.8600000000000003       0.98912526079436980     
  -4.8399999999999999       0.99186875731091262     
  -4.8200000000000003       0.99421551954927134     
  -4.7999999999999998       0.99616460883584068     
  -4.7800000000000002       0.99771524556089330     
  -4.7599999999999998       0.99886680949041418     
  -4.7400000000000002       0.99961884001418544     
  -4.7199999999999998       0.99997103633002449     
  -4.7000000000000002       0.99992325756410083     
  -4.6799999999999997       0.99947552282728402     
  -4.6600000000000001       0.99862801120749889     
  -4.6399999999999997       0.99738106169809326     
  -4.6200000000000001       0.99573517306224535     
  -4.5999999999999996       0.99369100363346441     
  -4.5800000000000001       0.99124937105226696     
  -4.5599999999999996       0.98841125193913049     
  -4.5400000000000000       0.98517778150385948     
  -4.5199999999999996       0.98155025309151533     
  -4.5000000000000000       0.97753011766509701     
  -4.4799999999999995       0.97311898322517365     
  -4.4600000000000000       0.96831861416670717     
  -4.4399999999999995       0.96313093057331645     
  -4.4199999999999999       0.95755800744927111     
  -4.3999999999999995       0.95160207388951579     
  -4.3799999999999999       0.94526551218806332     
  -4.3600000000000003       0.93855085688510786     
  -4.3399999999999999       0.93146079375324253     
  -4.3200000000000003       0.92399815872318791     
  -4.2999999999999998       0.91616593674945490     
  -4.2800000000000002       0.90796726061640542     
  -4.2599999999999998       0.89940540968517768     
  -4.2400000000000002       0.89048380858198850     
  -4.2199999999999998       0.88120602582832530     
  -4.2000000000000002       0.87157577241358819     
  -4.1799999999999997       0.86159690031074054     
  -4.1600000000000001       0.85127340093557446     
  -4.1399999999999997       0.84060940355019453     
  -4.1200000000000001       0.82960917361137088     
  -4.0999999999999996       0.81827711106441026     
  -4.0800000000000001       0.80661774858324053     
  -4.0599999999999996       0.79463574975739681     
  -4.0400000000000000       0.78233590722665280     
  -4.0199999999999996       0.76972314076402382     
  -4.0000000000000000       0.75680249530792820     
  -3.9799999999999995       0.74357913894427430     
  -3.9600000000000000       0.73005836083929954     
  -3.9399999999999995       0.71624556912397019     
  -3.9199999999999999       0.70214628873080542     
  -3.8999999999999995       0.68776615918397344     
  -3.8799999999999999       0.67311093234356167     
  -3.8599999999999994       0.65818647010490461     
  -3.8399999999999999       0.64299874205390883     
  -3.8200000000000003       0.62755382307929364     
  -3.7999999999999998       0.61185789094271892     
  -3.7800000000000002       0.59591722380776424     
  -3.7599999999999998       0.57973819772874280     
  -3.7400000000000002       0.56332728410037003     
  -3.7199999999999998       0.54669104706928684     
  -3.7000000000000002       0.52983614090849340     
  -3.6799999999999997       0.51276930735572346     
  -3.6600000000000001       0.49549737291684492     
  -3.6399999999999997       0.47802724613534248     
  -3.6200000000000001       0.46036591482899830     
  -3.5999999999999996       0.44252044329485207     
  -3.5800000000000001       0.42449796948358259     
  -3.5599999999999996       0.40630570214441636     
  -3.5400000000000000       0.38795091794173031     
  -3.5199999999999996       0.36944095854447667     
  -3.5000000000000000       0.35078322768961984     
  -3.4799999999999995       0.33198518822073370     
  -3.4600000000000000       0.31305435910297019     
  -3.4399999999999995       0.29399831241556718     
  -3.4199999999999999       0.27482467032312402     
  -3.3999999999999995       0.25554110202683078     
  -3.3799999999999999       0.23615532069689699     
  -3.3599999999999994       0.21667508038737918     
  -3.3399999999999999       0.19710817293466984     
  -3.3200000000000003       0.17746242484086058     
  -3.2999999999999998       0.15774569414324821     
  -3.2800000000000002       0.13796586727122728     
  -3.2599999999999998       0.11813085589181738     
  -3.2400000000000002        9.8248593745108678E-002
  -3.2199999999999998        7.8327033470864851E-002
  -3.2000000000000002        5.8374143427580086E-002
  -3.1799999999999997        3.8397904505234934E-002
  -3.1600000000000001        1.8406306933053809E-002
  -3.1399999999999997       -1.5926529164872723E-003
  -3.1200000000000001       -2.1590975726095959E-002
  -3.0999999999999996       -4.1580662433290935E-002
  -3.0800000000000001       -6.1553717429913148E-002
  -3.0599999999999996       -8.1502151760269564E-002
  -3.0400000000000000      -0.10141798631660186     
  -3.0199999999999996      -0.12129325503063020     
  -3.0000000000000000      -0.14112000805986721     
  -2.9799999999999995      -0.16089031496745620     
  -2.9600000000000000      -0.18059626789423291     
  -2.9399999999999995      -0.20022998472177095     
  -2.9199999999999999      -0.21978361222511694     
  -2.8999999999999995      -0.23924932921398284     
  -2.8799999999999999      -0.25861934966111083     
  -2.8599999999999994      -0.27788592581658722     
  -2.8399999999999999      -0.29704135130683240     
  -2.8200000000000003      -0.31607796421705342     
  -2.7999999999999998      -0.33498815015590511     
  -2.7800000000000002      -0.35376434530114270     
  -2.7599999999999998      -0.37239903942505570     
  -2.7400000000000002      -0.39088477889845219     
  -2.7199999999999998      -0.40921416967201774     
  -2.7000000000000002      -0.42737988023382978     
  -2.6799999999999997      -0.44537464454187153     
  -2.6600000000000001      -0.46319126493034518     
  -2.6399999999999997      -0.48082261498864864     
  -2.6200000000000001      -0.49826164241183857     
  -2.5999999999999996      -0.51550137182146449     
  -2.5800000000000001      -0.53253490755562116     
  -2.5599999999999996      -0.54935543642712703     
  -2.5400000000000000      -0.56595623044870280     
  -2.5199999999999996      -0.58233064952408220     
  -2.5000000000000000      -0.59847214410395655     
  -2.4799999999999995      -0.61437425780571209     
  -2.4600000000000000      -0.63003062999589221     
  -2.4399999999999995      -0.64543499833437112     
  -2.4199999999999999      -0.66058120127920072     
  -2.3999999999999995      -0.67546318055115129     
  -2.3799999999999999      -0.69007498355693642     
  -2.3599999999999994      -0.70441076577017647     
  -2.3399999999999999      -0.71846479306912625     
  -2.3200000000000003      -0.73223144403025109     
  -2.2999999999999998      -0.74570521217672026     
  -2.2800000000000002      -0.75888070818092179     
  -2.2599999999999998      -0.77175266202012593     
  -2.2400000000000002      -0.78431592508441983     
  -2.2199999999999998      -0.79656547223608676     
  -2.2000000000000002      -0.80849640381959009     
  -2.1799999999999997      -0.82010394762137440     
  -2.1600000000000001      -0.83138346077868308     
  -2.1399999999999997      -0.84233043163664589     
  -2.1200000000000001      -0.85294048155287616     
  -2.0999999999999996      -0.86320936664887393     
  -2.0800000000000001      -0.87313297950751645     
  -2.0599999999999996      -0.88270735081597418     
  -2.0400000000000000      -0.89192865095337959     
  -2.0199999999999996      -0.90079319152262749     
  -2.0000000000000000      -0.90929742682568171     
  -1.9800000000000004      -0.91743795528180971     
  -1.9599999999999991      -0.92521152078816860     
  -1.9399999999999995      -0.93261501402220071     
  -1.9199999999999999      -0.93964547368532492     
  -1.9000000000000004      -0.94630008768741436     
  -1.8799999999999990      -0.95257619427159568     
  -1.8599999999999994      -0.95847128307891438     
  -1.8399999999999999      -0.96398299615244820     
  -1.8200000000000003      -0.96910912888045631     
  -1.8000000000000007      -0.97384763087819504     
  -1.7799999999999994      -0.97819660680804477     
  -1.7599999999999998      -0.98215431713761847     
  -1.7400000000000002      -0.98571917883555349     
  -1.7200000000000006      -0.98888976600470135     
  -1.6999999999999993      -0.99166481045246868     
  -1.6799999999999997      -0.99404320219807596     
  -1.6600000000000001      -0.99602398991653673     
  -1.6400000000000006      -0.99760638131917367     
  -1.6199999999999992      -0.99878974347052407     
  -1.5999999999999996      -0.99957360304150522     
  -1.5800000000000001      -0.99995764649874008     
  -1.5600000000000005      -0.99994172022996630     
  -1.5399999999999991      -0.99952583060547906     
  -1.5199999999999996      -0.99871014397558300     
  -1.5000000000000000      -0.99749498660405445     
  -1.4800000000000004      -0.99588084453764014     
  -1.4599999999999991      -0.99386836341164475     
  -1.4399999999999995      -0.99145834819168643     
  -1.4199999999999999      -0.98865176285171974     
  -1.4000000000000004      -0.98544972998846025     
  -1.3799999999999990      -0.98185353037235956     
  -1.3599999999999994      -0.97786460243531603     
  -1.3399999999999999      -0.97348454169531939     
  -1.3200000000000003      -0.96871510011826534     
  -1.2999999999999989      -0.96355818541719263     
  -1.2799999999999994      -0.95801586028922481     
  -1.2599999999999998      -0.95209034159051575     
  -1.2400000000000002      -0.94578399944953906     
  -1.2200000000000006      -0.93909935631906782     
  -1.1999999999999993      -0.93203908596722607     
  -1.1799999999999997      -0.92460601240802021     
  -1.1600000000000001      -0.91680310877176696     
  -1.1400000000000006      -0.90863349611588351     
  -1.1199999999999992      -0.90010044217650464     
  -1.0999999999999996      -0.89120736006143519     
  -1.0800000000000001      -0.88195780688494751     
  -1.0600000000000005      -0.87235548234498650     
  -1.0399999999999991      -0.86240422724333798     
  -1.0199999999999996      -0.85210802194936275     
  -1.0000000000000000      -0.84147098480789650     
 -0.98000000000000043      -0.83049737049197070     
 -0.95999999999999908      -0.81919156830099771     
 -0.93999999999999950      -0.80755810040511400     
 -0.91999999999999993      -0.79560162003636603     
 -0.90000000000000036      -0.78332690962748364     
 -0.87999999999999901      -0.77073887889896864     
 -0.85999999999999943      -0.75784256289527663     
 -0.83999999999999986      -0.74464311997085919     
 -0.82000000000000028      -0.73114582972689612     
 -0.79999999999999893      -0.71735609089952201     
 -0.77999999999999936      -0.70327941920040971     
 -0.75999999999999979      -0.68892144511055120     
 -0.74000000000000021      -0.67428791162814528     
 -0.72000000000000064      -0.65938467197147366     
 -0.69999999999999929      -0.64421768723769046     
 -0.67999999999999972      -0.62879302401846826     
 -0.66000000000000014      -0.61311685197343391     
 -0.64000000000000057      -0.59719544136239255     
 -0.61999999999999922      -0.58103516053730442     
 -0.59999999999999964      -0.56464247339503504     
 -0.58000000000000007      -0.54802393679187367     
 -0.56000000000000050      -0.53118619792088384     
 -0.53999999999999915      -0.51413599165311241     
 -0.51999999999999957      -0.49688013784373636     
 -0.50000000000000000      -0.47942553860420301     
 -0.48000000000000043      -0.46177917554148329     
 -0.45999999999999908      -0.44394810696551895     
 -0.43999999999999950      -0.42593946506599917     
 -0.41999999999999993      -0.40776045305957009     
 -0.40000000000000036      -0.38941834230865080     
 -0.37999999999999901      -0.37092046941298173     
 -0.35999999999999943      -0.35227423327508944     
 -0.33999999999999986      -0.33348709214081429     
 -0.32000000000000028      -0.31456656061611804     
 -0.29999999999999893      -0.29552020666133855     
 -0.27999999999999936      -0.27635564856411310     
 -0.25999999999999979      -0.25708055189215490     
 -0.24000000000000021      -0.23770262642713480     
 -0.22000000000000064      -0.21822962308086993     
 -0.19999999999999929      -0.19866933079506052     
 -0.17999999999999972      -0.17902957342582390     
 -0.16000000000000014      -0.15931820661424612     
 -0.14000000000000057      -0.13954311464423705     
 -0.11999999999999922      -0.11971220728891858     
  -9.9999999999999645E-002  -9.9833416646827794E-002
  -8.0000000000000071E-002  -7.9914693969172765E-002
  -6.0000000000000497E-002  -5.9964006479445095E-002
  -3.9999999999999147E-002  -3.9989334186633307E-002
  -1.9999999999999574E-002  -1.9998666693332653E-002
   0.0000000000000000        0.0000000000000000     
   1.9999999999999574E-002   1.9998666693332653E-002
   4.0000000000000924E-002   3.9989334186635084E-002
   6.0000000000000497E-002   5.9964006479445095E-002
   8.0000000000000071E-002   7.9914693969172765E-002
   9.9999999999999645E-002   9.9833416646827794E-002
  0.12000000000000099       0.11971220728892035     
  0.14000000000000057       0.13954311464423705     
  0.16000000000000014       0.15931820661424612     
  0.17999999999999972       0.17902957342582390     
  0.20000000000000107       0.19866933079506227     
  0.22000000000000064       0.21822962308086993     
  0.24000000000000021       0.23770262642713480     
  0.25999999999999979       0.25708055189215490     
  0.27999999999999936       0.27635564856411310     
  0.30000000000000071       0.29552020666134027     
  0.32000000000000028       0.31456656061611804     
  0.33999999999999986       0.33348709214081429     
  0.35999999999999943       0.35227423327508944     
  0.38000000000000078       0.37092046941298340     
  0.40000000000000036       0.38941834230865080     
  0.41999999999999993       0.40776045305957009     
  0.43999999999999950       0.42593946506599917     
  0.46000000000000085       0.44394810696552051     
  0.48000000000000043       0.46177917554148329     
  0.50000000000000000       0.47942553860420301     
  0.51999999999999957       0.49688013784373636     
  0.54000000000000092       0.51413599165311386     
  0.56000000000000050       0.53118619792088384     
  0.58000000000000007       0.54802393679187367     
  0.59999999999999964       0.56464247339503504     
  0.62000000000000099       0.58103516053730586     
  0.64000000000000057       0.59719544136239255     
  0.66000000000000014       0.61311685197343391     
  0.67999999999999972       0.62879302401846826     
  0.70000000000000107       0.64421768723769191     
  0.72000000000000064       0.65938467197147366     
  0.74000000000000021       0.67428791162814528     
  0.75999999999999979       0.68892144511055120     
  0.77999999999999936       0.70327941920040971     
  0.80000000000000071       0.71735609089952324     
  0.82000000000000028       0.73114582972689612     
  0.83999999999999986       0.74464311997085919     
  0.85999999999999943       0.75784256289527663     
  0.88000000000000078       0.77073887889896975     
  0.90000000000000036       0.78332690962748364     
  0.91999999999999993       0.79560162003636603     
  0.93999999999999950       0.80755810040511400     
  0.96000000000000085       0.81919156830099871     
  0.98000000000000043       0.83049737049197070     
   1.0000000000000000       0.84147098480789650     
   1.0199999999999996       0.85210802194936275     
   1.0400000000000009       0.86240422724333887     
   1.0600000000000005       0.87235548234498650     
   1.0800000000000001       0.88195780688494751     
   1.0999999999999996       0.89120736006143519     
   1.1200000000000010       0.90010044217650542     
   1.1400000000000006       0.90863349611588351     
   1.1600000000000001       0.91680310877176696     
   1.1799999999999997       0.92460601240802021     
   1.2000000000000011       0.93203908596722673     
   1.2200000000000006       0.93909935631906782     
   1.2400000000000002       0.94578399944953906     
   1.2599999999999998       0.95209034159051575     
   1.2799999999999994       0.95801586028922481     
   1.3000000000000007       0.96355818541719318     
   1.3200000000000003       0.96871510011826534     
   1.3399999999999999       0.97348454169531939     
   1.3599999999999994       0.97786460243531603     
   1.3800000000000008       0.98185353037235990     
   1.4000000000000004       0.98544972998846025     
   1.4199999999999999       0.98865176285171974     
   1.4399999999999995       0.99145834819168643     
   1.4600000000000009       0.99386836341164497     
   1.4800000000000004       0.99588084453764014     
   1.5000000000000000       0.99749498660405445     
   1.5199999999999996       0.99871014397558300     
   1.5400000000000009       0.99952583060547906     
   1.5600000000000005       0.99994172022996630     
   1.5800000000000001       0.99995764649874008     
   1.5999999999999996       0.99957360304150522     
   1.6200000000000010       0.99878974347052396     
   1.6400000000000006       0.99760638131917367     
   1.6600000000000001       0.99602398991653673     
   1.6799999999999997       0.99404320219807596     
   1.7000000000000011       0.99166481045246846     
   1.7200000000000006       0.98888976600470135     
   1.7400000000000002       0.98571917883555349     
   1.7599999999999998       0.98215431713761847     
   1.7799999999999994       0.97819660680804477     
   1.8000000000000007       0.97384763087819504     
   1.8200000000000003       0.96910912888045631     
   1.8399999999999999       0.96398299615244820     
   1.8599999999999994       0.95847128307891438     
   1.8800000000000008       0.95257619427159512     
   1.9000000000000004       0.94630008768741436     
   1.9199999999999999       0.93964547368532492     
   1.9399999999999995       0.93261501402220071     
   1.9600000000000009       0.92521152078816793     
   1.9800000000000004       0.91743795528180971     
   2.0000000000000000       0.90929742682568171     
   2.0199999999999996       0.90079319152262749     
   2.0400000000000009       0.89192865095337925     
   2.0600000000000005       0.88270735081597385     
   2.0800000000000001       0.87313297950751645     
   2.0999999999999996       0.86320936664887393     
   2.1200000000000010       0.85294048155287572     
   2.1400000000000006       0.84233043163664545     
   2.1600000000000001       0.83138346077868308     
   2.1799999999999997       0.82010394762137440     
   2.2000000000000011       0.80849640381958954     
   2.2200000000000006       0.79656547223608620     
   2.2400000000000002       0.78431592508441983     
   2.2599999999999998       0.77175266202012593     
   2.2800000000000011       0.75888070818092124     
   2.3000000000000007       0.74570521217671970     
   2.3200000000000003       0.73223144403025109     
   2.3399999999999999       0.71846479306912625     
   2.3599999999999994       0.70441076577017647     
   2.3800000000000008       0.69007498355693575     
   2.4000000000000004       0.67546318055115062     
   2.4199999999999999       0.66058120127920072     
   2.4399999999999995       0.64543499833437112     
   2.4600000000000009       0.63003062999589154     
   2.4800000000000004       0.61437425780571142     
   2.5000000000000000       0.59847214410395655     
   2.5199999999999996       0.58233064952408220     
   2.5400000000000009       0.56595623044870202     
   2.5600000000000005       0.54935543642712625     
   2.5800000000000001       0.53253490755562116     
   2.5999999999999996       0.51550137182146449     
   2.6200000000000010       0.49826164241183779     
   2.6400000000000006       0.48082261498864787     
   2.6600000000000001       0.46319126493034518     
   2.6799999999999997       0.44537464454187153     
   2.7000000000000011       0.42737988023382895     
   2.7200000000000006       0.40921416967201690     
   2.7400000000000002       0.39088477889845219     
   2.7599999999999998       0.37239903942505570     
   2.7800000000000011       0.35376434530114187     
   2.8000000000000007       0.33498815015590427     
   2.8200000000000003       0.31607796421705342     
   2.8399999999999999       0.29704135130683240     
   2.8599999999999994       0.27788592581658722     
   2.8800000000000008       0.25861934966110994     
   2.9000000000000004       0.23924932921398198     
   2.9199999999999999       0.21978361222511694     
   2.9399999999999995       0.20022998472177095     
   2.9600000000000009       0.18059626789423205     
   2.9800000000000004       0.16089031496745532     
   3.0000000000000000       0.14112000805986721     
   3.0199999999999996       0.12129325503063020     
   3.0400000000000009       0.10141798631660098     
   3.0600000000000005        8.1502151760268676E-002
   3.0800000000000001        6.1553717429913148E-002
   3.0999999999999996        4.1580662433290935E-002
   3.1200000000000010        2.1590975726095071E-002
   3.1400000000000006        1.5926529164863841E-003
   3.1600000000000001       -1.8406306933053809E-002
   3.1799999999999997       -3.8397904505234934E-002
   3.2000000000000011       -5.8374143427580974E-002
   3.2200000000000006       -7.8327033470865740E-002
   3.2400000000000002       -9.8248593745108678E-002
   3.2599999999999998      -0.11813085589181738     
   3.2800000000000011      -0.13796586727122817     
   3.3000000000000007      -0.15774569414324907     
   3.3200000000000003      -0.17746242484086058     
   3.3399999999999999      -0.19710817293466984     
   3.3599999999999994      -0.21667508038737918     
   3.3800000000000008      -0.23615532069689785     
   3.4000000000000004      -0.25554110202683167     
   3.4199999999999999      -0.27482467032312402     
   3.4399999999999995      -0.29399831241556718     
   3.4600000000000009      -0.31305435910297108     
   3.4800000000000004      -0.33198518822073453     
   3.5000000000000000      -0.35078322768961984     
   3.5199999999999996      -0.36944095854447667     
   3.5400000000000009      -0.38795091794173114     
   3.5600000000000005      -0.40630570214441719     
   3.5800000000000001      -0.42449796948358259     
   3.5999999999999996      -0.44252044329485207     
   3.6200000000000010      -0.46036591482899908     
   3.6400000000000006      -0.47802724613534325     
   3.6600000000000001      -0.49549737291684492     
   3.6799999999999997      -0.51276930735572346     
   3.7000000000000011      -0.52983614090849407     
   3.7200000000000006      -0.54669104706928762     
   3.7400000000000002      -0.56332728410037003     
   3.7599999999999998      -0.57973819772874280     
   3.7800000000000011      -0.59591722380776491     
   3.8000000000000007      -0.61185789094271958     
   3.8200000000000003      -0.62755382307929364     
   3.8399999999999999      -0.64299874205390883     
   3.8599999999999994      -0.65818647010490461     
   3.8800000000000008      -0.67311093234356234     
   3.9000000000000004      -0.68776615918397410     
   3.9199999999999999      -0.70214628873080542     
   3.9399999999999995      -0.71624556912397019     
   3.9600000000000009      -0.73005836083930020     
   3.9800000000000004      -0.74357913894427485     
   4.0000000000000000      -0.75680249530792820     
   4.0199999999999996      -0.76972314076402382     
   4.0400000000000009      -0.78233590722665336     
   4.0600000000000005      -0.79463574975739737     
   4.0800000000000001      -0.80661774858324053     
   4.0999999999999996      -0.81827711106441026     
   4.1200000000000010      -0.82960917361137132     
   4.1400000000000006      -0.84060940355019498     
   4.1600000000000001      -0.85127340093557446     
   4.1799999999999997      -0.86159690031074054     
   4.2000000000000011      -0.87157577241358863     
   4.2200000000000006      -0.88120602582832563     
   4.2400000000000002      -0.89048380858198850     
   4.2599999999999998      -0.89940540968517768     
   4.2800000000000011      -0.90796726061640576     
   4.3000000000000007      -0.91616593674945523     
   4.3200000000000003      -0.92399815872318791     
   4.3399999999999999      -0.93146079375324253     
   4.3599999999999994      -0.93855085688510753     
   4.3800000000000008      -0.94526551218806365     
   4.4000000000000004      -0.95160207388951601     
   4.4199999999999999      -0.95755800744927111     
   4.4399999999999995      -0.96313093057331645     
   4.4600000000000009      -0.96831861416670739     
   4.4800000000000004      -0.97311898322517387     
   4.5000000000000000      -0.97753011766509701     
   4.5199999999999996      -0.98155025309151533     
   4.5400000000000009      -0.98517778150385960     
   4.5600000000000005      -0.98841125193913060     
   4.5800000000000001      -0.99124937105226696     
   4.5999999999999996      -0.99369100363346441     
   4.6200000000000010      -0.99573517306224546     
   4.6400000000000006      -0.99738106169809337     
   4.6600000000000001      -0.99862801120749889     
   4.6799999999999997      -0.99947552282728402     
   4.7000000000000011      -0.99992325756410094     
   4.7200000000000006      -0.99997103633002449     
   4.7400000000000002      -0.99961884001418544     
   4.7599999999999998      -0.99886680949041418     
   4.7800000000000011      -0.99771524556089319     
   4.8000000000000007      -0.99616460883584057     
   4.8200000000000003      -0.99421551954927134     
   4.8399999999999999      -0.99186875731091262     
   4.8599999999999994      -0.98912526079436991     
   4.8800000000000008      -0.98598612736167013     
   4.9000000000000004      -0.98245261262433248     
   4.9199999999999999      -0.97852612994113852     
   4.9399999999999995      -0.97420824985280929     
   4.9600000000000009      -0.96950069945380857     
   4.9800000000000004      -0.96440536170153046     
   5.0000000000000000      -0.95892427466313845     
   5.0199999999999996      -0.95305963070036770     
   5.0400000000000009      -0.94681377559260860     
   5.0600000000000005      -0.94018920759862834     
   5.0800000000000001      -0.93318857645729758     
   5.0999999999999996      -0.92581468232773245     
   5.1200000000000010      -0.91807047466926661     
   5.1400000000000006      -0.90995905106171027     
   5.1600000000000001      -0.90148365596635482     
   5.1799999999999997      -0.89264767942823464     
   5.2000000000000011      -0.88345465572015280     
   5.2200000000000006      -0.87390826192902193     
   5.2400000000000002      -0.86401231648507437     
   5.2599999999999998      -0.85377077763454334     
   5.2800000000000011      -0.84318774185641621     
   5.3000000000000007      -0.83226744222390081     
   5.3200000000000003      -0.82101424671124701     
   5.3399999999999999      -0.80943265644661944     
   5.3599999999999994      -0.79752730391170479     
   5.3800000000000008      -0.78530295108878001     
   5.4000000000000004      -0.77276448755598715     
   5.4199999999999999      -0.75991692853156101     
   5.4399999999999995      -0.74676541286781295     
   5.4600000000000009      -0.73331520099565595     
   5.4800000000000004      -0.71957167282050749     
   5.5000000000000000      -0.70554032557039192     
   5.5199999999999996      -0.69122677159712709     
   5.5400000000000009      -0.67663673613145625     
   5.5600000000000005      -0.66177605499303693     
   5.5800000000000001      -0.64665067225618345     
   5.5999999999999996      -0.63126663787232162     
   5.6200000000000010      -0.61563010525008566     
   5.6400000000000006      -0.59974732879404302     
   5.6600000000000001      -0.58362466140300728     
   5.6799999999999997      -0.56726855192896863     
   5.7000000000000011      -0.55068554259763691     
   5.7200000000000006      -0.53388226639164349     
   5.7400000000000002      -0.51686544439742876     
   5.7599999999999998      -0.49964188311690244     
   5.7800000000000011      -0.48221847174493077     
   5.8000000000000007      -0.46460217941375659     
   5.8200000000000003      -0.44680005240543003     
   5.8399999999999999      -0.42881921133339590     
   5.8600000000000012      -0.41066684829434003     
   5.8800000000000008      -0.39235022399145303     
   5.9000000000000004      -0.37387666483023602     
   5.9199999999999999      -0.35525355998804264     
   5.9399999999999995      -0.33648835845850505     
   5.9600000000000009      -0.31758856607203401     
   5.9800000000000004      -0.29856174249359357     
   6.0000000000000000      -0.27941549819892586     
   6.0199999999999996      -0.26015749143046890     
   6.0399999999999991      -0.24079542513416005     
   6.0599999999999987      -0.22133704387836040     
   6.0800000000000018      -0.20179013075612715     
   6.1000000000000014      -0.18216250427209416     
   6.1200000000000010      -0.16246201521515330     
   6.1400000000000006      -0.14269654351825772     
   6.1600000000000001      -0.12287399510655005     
   6.1799999999999997      -0.10300229873509785     
   6.1999999999999993       -8.3089402817497285E-002
   6.2199999999999989       -6.3143272246613660E-002
   6.2400000000000020       -4.3171885208726911E-002
   6.2600000000000016       -2.3183229992377676E-002
   6.2800000000000011       -3.1853017931371022E-003
   6.3000000000000007        1.6813900484350601E-002
   6.3200000000000003        3.6806377425826917E-002
   6.3399999999999999        5.6784132307078052E-002
   6.3599999999999994        7.6739174292518031E-002
   6.3799999999999990        9.6663521631416352E-002
   6.3999999999999986       0.11654920485049187     
   6.4200000000000017       0.13638826994159942     
   6.4400000000000013       0.15617278154321279     
   6.4600000000000009       0.17589482611448487     
   6.4800000000000004       0.19554651510054424     
   6.5000000000000000       0.21511998808781552     
   6.5199999999999996       0.23460741594807993     
   6.5399999999999991       0.25400100397002229     
   6.5599999999999987       0.27329299497701154     
   6.5800000000000018       0.29247567242987138     
   6.6000000000000014       0.31154136351337952     
   6.6200000000000010       0.33048244220531175     
   6.6400000000000006       0.34929133232673570     
   6.6600000000000001       0.36796051057238466     
   6.6799999999999997       0.38648250951987934     
   6.6999999999999993       0.40484992061659753     
   6.7199999999999989       0.42305539714299600     
   6.7400000000000020       0.44109165715120396     
   6.7600000000000016       0.45895148637769184     
   6.7800000000000011       0.47662774112890027     
   6.8000000000000007       0.49411335113860894     
   6.8200000000000003       0.51140132239595237     
   6.8399999999999999       0.52848473994293077     
   6.8599999999999994       0.54535677064030130     
   6.8799999999999990       0.56201066590074233     
   6.8999999999999986       0.57843976438819866     
   6.9200000000000017       0.59463749468233007     
   6.9400000000000013       0.61059737790697977     
   6.9600000000000009       0.62631303032165653     
   6.9800000000000004       0.64177816587493375     
   7.0000000000000000       0.65698659871878906     
   7.0199999999999996       0.67193224568286147     
   7.0399999999999991       0.68660912870763779     
   7.0599999999999987       0.70101137723559748     
   7.0800000000000018       0.71513323055935918     
   7.1000000000000014       0.72896904012587715     
   7.1200000000000010       0.74251327179580240     
   7.1400000000000006       0.75576050805705430     
   7.1600000000000001       0.76870545019175585     
   7.1799999999999997       0.78134292039565001     
   7.1999999999999993       0.79366786384915267     
   7.2199999999999989       0.80567535073921270     
   7.2400000000000020       0.81736057823117392     
   7.2600000000000016       0.82871887238983633     
   7.2800000000000011       0.83974569004898048     
   7.3000000000000007       0.85043662062856484     
   7.3200000000000003       0.86078738789890163     
   7.3399999999999999       0.87079385169109114     
   7.3599999999999994       0.88045200955303393     
   7.3799999999999990       0.88975799835035918     
   7.4000000000000021       0.89870809581162769     
   7.4200000000000017       0.90729872201718476     
   7.4400000000000013       0.91552644083109003     
   7.4600000000000009       0.92338796127551925     
   7.4800000000000004       0.93088013884711363     
   7.5000000000000000       0.93799997677473890     
   7.5199999999999996       0.94474462721815378     
   7.5399999999999991       0.95111139240710862     
   7.5599999999999987       0.95709772572041674     
   7.5800000000000018       0.96270123270457053     
   7.6000000000000014       0.96791967203148677     
   7.6200000000000010       0.97275095639501397     
   7.6400000000000006       0.97719315334582302     
   7.6600000000000001       0.98124448606436210     
   7.6799999999999997       0.98490333407156083     
   7.6999999999999993       0.98816823387700026     
   7.7199999999999989       0.99103787956428968     
   7.7400000000000020       0.99351112331341607     
   7.7600000000000016       0.99558697585985501     
   7.7800000000000011       0.99726460689026597     
   7.8000000000000007       0.99854334537460498     
   7.8200000000000003       0.99942267983452793     
   7.8399999999999999       0.99990225854797521     
   7.8599999999999994       0.99998188968985557     
   7.8799999999999990       0.99966154140877417     
   7.9000000000000021       0.99894134183977190     
   7.9200000000000017       0.99782157905307423     
   7.9400000000000013       0.99630270093886553     
   7.9600000000000009       0.99438531502814032     
   7.9800000000000004       0.99207018824969795     
   8.0000000000000000       0.98935824662338179     
   8.0199999999999996       0.98625057488968371     
   8.0399999999999991       0.98274841607586216     
   8.0599999999999987       0.97885317099874769     
   8.0800000000000018       0.97456639770443465     
   8.1000000000000014       0.96988981084508585     
   8.1200000000000010       0.96482528099309084     
   8.1400000000000006       0.95937483389286415     
   8.1600000000000001       0.95354064965057428     
   8.1799999999999997       0.94732506186212995     
   8.1999999999999993       0.94073055667977312     
   8.2199999999999989       0.93375977181765135     
   8.2400000000000020       0.92641549549676550     
   8.2600000000000016       0.91870066532972405     
   8.2800000000000011       0.91061836714572963     
   8.3000000000000007       0.90217183375629328     
   8.3200000000000003       0.89336444366215195     
   8.3399999999999999       0.88419971970191269     
   8.3599999999999994       0.87468132764296525     
   8.3799999999999990       0.86481307471522273     
   8.4000000000000021       0.85459890808827954     
   8.4200000000000017       0.84404291329260306     
   8.4400000000000013       0.83314931258536506     
   8.4600000000000009       0.82192246326160223     
   8.4800000000000004       0.81036685591135482     
   8.5000000000000000       0.79848711262349026     
   8.5199999999999996       0.78628798513692921     
   8.5399999999999991       0.77377435294001340     
   8.5599999999999987       0.76095122131877546     
   8.5800000000000018       0.74782371935488867     
   8.6000000000000014       0.73439709787411223     
   8.6200000000000010       0.72067672734601684     
   8.6400000000000006       0.70666809573587797     
   8.6600000000000001       0.69237680630956044     
   8.6799999999999997       0.67780857539228678     
   8.6999999999999993       0.66296923008218334     
   8.7199999999999989       0.64786470591951895     
   8.7400000000000020       0.63250104451256484     
   8.7600000000000016       0.61688439112104332     
   8.7800000000000011       0.60102099219808891     
   8.8000000000000007       0.58491719289176169     
   8.8200000000000003       0.56857943450706960     
   8.8399999999999999       0.55201425192953291     
   8.8599999999999994       0.53522827101131620     
   8.8799999999999990       0.51822820592097674     
   8.9000000000000021       0.50102085645788319     
   8.9200000000000017       0.48361310533239843     
   8.9400000000000013       0.46601191541286957     
   8.9600000000000009       0.44822432694058489     
   8.9800000000000004       0.43025745471376869     
   9.0000000000000000       0.41211848524175659     
   9.0199999999999996       0.39381467387048763     
   9.0399999999999991       0.37535334188046277     
   9.0599999999999987       0.35674187355833026     
   9.0800000000000018       0.33798771324326593     
   9.1000000000000014       0.31909836234935041     
   9.1200000000000010       0.30008137636508325     
   9.1400000000000006       0.28094436183130178     
   9.1600000000000001       0.26169497329866259     
   9.1799999999999997       0.24234091026592378     
   9.1999999999999993       0.22288991410024764     
   9.2199999999999989       0.20334976494075732     
   9.2400000000000020       0.18372827858658125     
   9.2600000000000016       0.16403330337065172     
   9.2800000000000011       0.14427271702045552     
   9.3000000000000007       0.12445442350706171     
   9.3200000000000003       0.10458634988363526     
   9.3399999999999999        8.4676443114721417E-002
   9.3599999999999994        6.4732666897565891E-002
   9.3799999999999990        4.4762998476742054E-002
   9.4000000000000021        2.4775425453355988E-002
   9.4200000000000017        4.7779425901267351E-003
   9.4400000000000013       -1.5221451386433519E-002
   9.4600000000000009       -3.5214756985389180E-002
   9.4800000000000004       -5.5193977151074512E-002
   9.5000000000000000       -7.5151120461809301E-002
   9.5199999999999996       -9.5078204326360952E-002
   9.5399999999999991      -0.11496725817687455     
   9.5599999999999987      -0.13481032665699375     
   9.5800000000000018      -0.15459947280390068     
   9.6000000000000014      -0.17432678122298140     
   9.6200000000000010      -0.19398436125389898     
   9.6400000000000006      -0.21356435012673869     
   9.6600000000000001      -0.23305891610701440     
   9.6799999999999997      -0.25246026162825808     
   9.6999999999999993      -0.27176062641094245     
   9.7199999999999989      -0.29095229056648914     
   9.7400000000000020      -0.31002757768512473     
   9.7600000000000016      -0.32897885790632880     
   9.7800000000000011      -0.34779855097069667     
   9.8000000000000007      -0.36647912925192838     
   9.8200000000000003      -0.38501312076778266     
   9.8399999999999999      -0.40339311216876961     
   9.8599999999999994      -0.42161175170339216     
   9.8799999999999990      -0.43966175215874848     
   9.9000000000000021      -0.45753589377532294     
   9.9200000000000017      -0.47522702713478138     
   9.9400000000000013      -0.49272807601966173     
   9.9600000000000009      -0.51003204024375437     
   9.9800000000000004      -0.52713199845208603     
