  -10.000000000000000       -83282.516557165392     
  -9.9800000000000004       -82125.628283344864     
  -9.9600000000000009       -80982.541938636714     
  -9.9399999999999995       -79853.120012600906     
  -9.9199999999999999       -78737.226093349294     
  -9.9000000000000004       -77634.724860946677     
  -9.8800000000000008       -76545.482080840025     
  -9.8599999999999994       -75469.364597312611     
  -9.8399999999999999       -74406.240326965999     
  -9.8200000000000003       -73355.978252226661     
  -9.8000000000000007       -72318.448414880477     
  -9.7799999999999994       -71293.521909632153     
  -9.7599999999999998       -70281.070877692211     
  -9.7400000000000002       -69280.968500388408     
  -9.7200000000000006       -68293.088992804478     
  -9.6999999999999993       -67317.307597444596     
  -9.6799999999999997       -66353.500577923653     
  -9.6600000000000001       -65401.545212683151     
  -9.6400000000000006       -64461.319788733563     
  -9.6199999999999992       -63532.703595422019     
  -9.5999999999999996       -62615.576918226252     
  -9.5800000000000001       -61709.821032573192     
  -9.5600000000000005       -60815.318197684479     
  -9.5399999999999991       -59931.951650446594     
  -9.5199999999999996       -59059.605599307208     
  -9.5000000000000000       -58198.165218196220     
  -9.4800000000000004       -57347.516640473012     
  -9.4600000000000009       -56507.546952898578     
  -9.4399999999999995       -55678.144189633007     
  -9.4199999999999999       -54859.197326258727     
  -9.4000000000000004       -54050.596273827992     
  -9.3800000000000008       -53252.231872936412     
  -9.3599999999999994       -52463.995887821249     
  -9.3399999999999999       -51685.781000484785     
  -9.3200000000000003       -50917.480804842460     
  -9.3000000000000007       -50158.989800896306     
  -9.2799999999999994       -49410.203388933078     
  -9.2599999999999998       -48671.017863747387     
  -9.2400000000000002       -47941.330408889284     
  -9.2200000000000006       -47221.039090936792     
  -9.1999999999999993       -46510.042853793166     
  -9.1799999999999997       -45808.241513008805     
  -9.1600000000000001       -45115.535750127347     
  -9.1400000000000006       -44431.827107056684     
  -9.1199999999999992       -43757.017980464356     
  -9.0999999999999996       -43091.011616197306     
  -9.0800000000000001       -42433.712103725891     
  -9.0600000000000005       -41785.024370612307     
  -9.0399999999999991       -41144.854177003232     
  -9.0199999999999996       -40513.108110146888     
  -9.0000000000000000       -39889.693578933628     
  -8.9800000000000004       -39274.518808461362     
  -8.9600000000000009       -38667.492834624427     
  -8.9399999999999995       -38068.525498726856     
  -8.9199999999999999       -37477.527442119354     
  -8.9000000000000004       -36894.410100860048     
  -8.8799999999999990       -36319.085700399330     
  -8.8599999999999994       -35751.467250288384     
  -8.8399999999999999       -35191.468538911256     
  -8.8200000000000003       -34639.004128240682     
  -8.8000000000000007       -34093.989348617761     
  -8.7799999999999994       -33556.340293554676     
  -8.7599999999999998       -33025.973814561577     
  -8.7400000000000002       -32502.807515996177     
  -8.7200000000000006       -31986.759749937330     
  -8.6999999999999993       -31477.749611081639     
  -8.6799999999999997       -30975.696931663646     
  -8.6600000000000001       -30480.522276398689     
  -8.6400000000000006       -29992.146937449663     
  -8.6199999999999992       -29510.492929416287     
  -8.5999999999999996       -29035.482984348007     
  -8.5800000000000001       -28567.040546779295     
  -8.5600000000000005       -28105.089768788494     
  -8.5399999999999991       -27649.555505079185     
  -8.5199999999999996       -27200.363308084721     
  -8.5000000000000000       -26757.439423095246     
  -8.4800000000000004       -26320.710783407703     
  -8.4600000000000009       -25890.105005498473     
  -8.4399999999999995       -25465.550384218663     
  -8.4199999999999999       -25046.975888012086     
  -8.4000000000000004       -24634.311154155486     
  -8.3799999999999990       -24227.486484021592     
  -8.3599999999999994       -23826.432838364486     
  -8.3399999999999999       -23431.081832627271     
  -8.3200000000000003       -23041.365732272126     
  -8.3000000000000007       -22657.217448132702     
  -8.2799999999999994       -22278.570531788602     
  -8.2599999999999998       -21905.359170962274     
  -8.2400000000000002       -21537.518184937639     
  -8.2200000000000006       -21174.983020001124     
  -8.1999999999999993       -20817.689744904539     
  -8.1799999999999997       -20465.575046350023     
  -8.1600000000000001       -20118.576224496701     
  -8.1400000000000006       -19776.631188489384     
  -8.1199999999999992       -19439.678452008931     
  -8.0999999999999996       -19107.657128844548     
  -8.0800000000000001       -18780.506928487430     
  -8.0600000000000005       -18458.168151746413     
  -8.0399999999999991       -18140.581686384925     
  -8.0199999999999996       -17827.689002779785     
  -8.0000000000000000       -17519.432149601009     
  -7.9800000000000004       -17215.753749513478     
  -7.9600000000000000       -16916.596994899774     
  -7.9399999999999995       -16621.905643604365     
  -7.9199999999999999       -16331.624014699059     
  -7.9000000000000004       -16045.696984269611     
  -7.8799999999999999       -15764.069981223582     
  -7.8599999999999994       -15486.688983119255     
  -7.8399999999999999       -15213.500512015617     
  -7.8200000000000003       -14944.451630343247     
  -7.7999999999999998       -14679.489936796281     
  -7.7799999999999994       -14418.563562245230     
  -7.7599999999999998       -14161.621165670569     
  -7.7400000000000002       -13908.611930117144     
  -7.7199999999999998       -13659.485558669343     
  -7.6999999999999993       -13414.192270446936     
  -7.6799999999999997       -13172.682796621495     
  -7.6600000000000001       -12934.908376453397     
  -7.6400000000000006       -12700.820753349388     
  -7.6200000000000001       -12470.372170940553     
  -7.5999999999999996       -12243.515369180766     
  -7.5800000000000001       -12020.203580465413     
  -7.5600000000000005       -11800.390525770468     
  -7.5400000000000000       -11584.030410811814     
  -7.5199999999999996       -11371.077922224777     
  -7.5000000000000000       -11161.488223763768     
  -7.4800000000000004       -10955.216952522034     
  -7.4600000000000000       -10752.220215171425     
  -7.4399999999999995       -10552.454584222229     
  -7.4199999999999999       -10355.877094302816     
  -7.4000000000000004       -10162.445238459230     
  -7.3799999999999999       -9972.1169644745969     
  -7.3599999999999994       -9784.8506712083126     
  -7.3399999999999999       -9600.6052049549289     
  -7.3200000000000003       -9419.3398558226854     
  -7.2999999999999998       -9241.0143541317011     
  -7.2799999999999994       -9065.5888668317039     
  -7.2599999999999998       -8893.0239939392686     
  -7.2400000000000002       -8723.2807649944389     
  -7.2199999999999998       -8556.3206355368748     
  -7.1999999999999993       -8392.1054836012463     
  -7.1799999999999997       -8230.5976062319623     
  -7.1600000000000001       -8071.7597160170808     
  -7.1400000000000006       -7915.5549376415038     
  -7.1200000000000001       -7761.9468044591986     
  -7.0999999999999996       -7610.8992550845742     
  -7.0800000000000001       -7462.3766300028528     
  -7.0600000000000005       -7316.3436681993808     
  -7.0400000000000000       -7172.7655038079129     
  -7.0199999999999996       -7031.6076627777502     
  -7.0000000000000000       -6892.8360595596623     
  -6.9800000000000004       -6756.4169938105670     
  -6.9600000000000000       -6622.3171471169535     
  -6.9399999999999995       -6490.5035797369355     
  -6.9199999999999999       -6360.9437273609046     
  -6.9000000000000004       -6233.6053978906975     
  -6.8799999999999999       -6108.4567682373063     
  -6.8599999999999994       -5985.4663811370210     
  -6.8399999999999999       -5864.6031419859173     
  -6.8200000000000003       -5745.8363156926971     
  -6.7999999999999998       -5629.1355235498149     
  -6.7799999999999994       -5514.4707401228570     
  -6.7599999999999998       -5401.8122901580227     
  -6.7400000000000002       -5291.1308455077769     
  -6.7199999999999998       -5182.3974220745422     
  -6.6999999999999993       -5075.5833767724516     
  -6.6799999999999997       -4970.6604045069926     
  -6.6600000000000001       -4867.6005351725889     
  -6.6400000000000006       -4766.3761306680490     
  -6.6200000000000001       -4666.9598819297917     
  -6.5999999999999996       -4569.3248059828238     
  -6.5800000000000001       -4473.4442430094223     
  -6.5600000000000005       -4379.2918534354249     
  -6.5400000000000000       -4286.8416150341372     
  -6.5199999999999996       -4196.0678200477705     
  -6.5000000000000000       -4106.9450723263399     
  -6.4800000000000004       -4019.4482844839945     
  -6.4600000000000000       -3933.5526750727299     
  -6.4399999999999995       -3849.2337657734229     
  -6.4199999999999999       -3766.4673786041212     
  -6.4000000000000004       -3685.2296331455318     
  -6.3799999999999999       -3605.4969437837017     
  -6.3599999999999994       -3527.2460169697965     
  -6.3399999999999999       -3450.4538484969180     
  -6.3200000000000003       -3375.0977207939168     
  -6.2999999999999998       -3301.1552002361718     
  -6.2799999999999994       -3228.6041344732703     
  -6.2599999999999998       -3157.4226497734890     
  -6.2400000000000002       -3087.5891483850937     
  -6.2199999999999998       -3019.0823059143572     
  -6.1999999999999993       -2951.8810687202808     
  -6.1799999999999997       -2885.9646513259067     
  -6.1600000000000001       -2821.3125338462232     
  -6.1400000000000006       -2757.9044594326001     
  -6.1200000000000001       -2695.7204317336655     
  -6.0999999999999996       -2634.7407123726239     
  -6.0800000000000001       -2574.9458184409168     
  -6.0600000000000005       -2516.3165200081826     
  -6.0400000000000000       -2458.8338376484935     
  -6.0199999999999996       -2402.4790399827853     
  -6.0000000000000000       -2347.2336412374202     
  -5.9799999999999995       -2293.0793988188525     
  -5.9600000000000000       -2239.9983109043446     
  -5.9399999999999995       -2187.9726140486537     
  -5.9199999999999999       -2136.9847808066670     
  -5.9000000000000004       -2087.0175173719012     
  -5.8799999999999999       -2038.0537612308428     
  -5.8600000000000003       -1990.0766788330673     
  -5.8399999999999999       -1943.0696632770489     
  -5.8200000000000003       -1897.0163320116869     
  -5.7999999999999998       -1851.9005245533885     
  -5.7800000000000002       -1807.7063002187683     
  -5.7599999999999998       -1764.4179358728111     
  -5.7400000000000002       -1722.0199236925187     
  -5.7199999999999998       -1680.4969689459367     
  -5.7000000000000002       -1639.8339877865496     
  -5.6799999999999997       -1600.0161050629476     
  -5.6600000000000001       -1561.0286521437563     
  -5.6399999999999997       -1522.8571647577360     
  -5.6200000000000001       -1485.4873808490329     
  -5.5999999999999996       -1448.9052384474903     
  -5.5800000000000001       -1413.0968735540148     
  -5.5599999999999996       -1378.0486180408861     
  -5.5400000000000000       -1343.7469975670201     
  -5.5199999999999996       -1310.1787295080705     
  -5.5000000000000000       -1277.3307209013717     
  -5.4799999999999995       -1245.1900664056186     
  -5.4600000000000000       -1213.7440462752782     
  -5.4399999999999995       -1182.9801243496338     
  -5.4199999999999999       -1152.8859460564520     
  -5.3999999999999995       -1123.4493364301773     
  -5.3799999999999999       -1094.6582981446443     
  -5.3600000000000003       -1066.5010095602070     
  -5.3399999999999999       -1038.9658227852763     
  -5.3200000000000003       -1012.0412617521874     
  -5.2999999999999998       -985.71602030734107     
  -5.2800000000000002       -959.97896031558560     
  -5.2599999999999998       -934.81910977876237     
  -5.2400000000000002       -910.22566096838739     
  -5.2199999999999998       -886.18796857238272     
  -5.2000000000000002       -862.69554785584671     
  -5.1799999999999997       -839.73807283576082     
  -5.1600000000000001       -817.30537446963172     
  -5.1399999999999997       -795.38743885796180     
  -5.1200000000000001       -773.97440546054884     
  -5.0999999999999996       -753.05656532651051     
  -5.0800000000000001       -732.62435933802465     
  -5.0599999999999996       -712.66837646769602     
  -5.0400000000000000       -693.17935204952471     
  -5.0199999999999996       -674.14816606339912     
  -5.0000000000000000       -655.56584143308442     
  -4.9799999999999995       -637.42354233762512     
  -4.9600000000000000       -619.71257253613862     
  -4.9399999999999995       -602.42437370591801     
  -4.9199999999999999       -585.55052379381789     
  -4.8999999999999995       -569.08273538084040     
  -4.8799999999999999       -553.01285405990109     
  -4.8600000000000003       -537.33285682668941     
  -4.8399999999999999       -522.03485048359471     
  -4.8200000000000003       -507.11107005663359     
  -4.7999999999999998       -492.55387722532220     
  -4.7800000000000002       -478.35575876545198     
  -4.7599999999999998       -464.50932500470157     
  -4.7400000000000002       -451.00730829104458     
  -4.7199999999999998       -437.84256147388834     
  -4.7000000000000002       -425.00805639790156     
  -4.6799999999999997       -412.49688240946455     
  -4.6600000000000001       -400.30224487570598     
  -4.6399999999999997       -388.41746371605126     
  -4.6200000000000001       -376.83597194625207     
  -4.5999999999999996       -365.55131423482362     
  -4.5800000000000001       -354.55714547185278     
  -4.5599999999999996       -343.84722935010916     
  -4.5400000000000000       -333.41543695842023     
  -4.5199999999999996       -323.25574538724373     
  -4.5000000000000000       -313.36223634639566     
  -4.4799999999999995       -303.72909479486975     
  -4.4600000000000000       -294.35060758270726     
  -4.4399999999999995       -285.22116210484967     
  -4.4199999999999999       -276.33524496693622     
  -4.3999999999999995       -267.68744066297768     
  -4.3799999999999999       -259.27243026486832     
  -4.3600000000000003       -251.08499012366750     
  -4.3399999999999999       -243.11999058261108     
  -4.3200000000000003       -235.37239470179162     
  -4.2999999999999998       -227.83725699445384     
  -4.2800000000000002       -220.50972217485815     
  -4.2599999999999998       -213.38502391765087     
  -4.2400000000000002       -206.45848362869597     
  -4.2199999999999998       -199.72550922730625     
  -4.2000000000000002       -193.18159393983129     
  -4.1799999999999997       -186.82231510453718     
  -4.1600000000000001       -180.64333298773539     
  -4.1399999999999997       -174.64038961109864     
  -4.1200000000000001       -168.80930759011846     
  -4.0999999999999996       -163.14598898364349     
  -4.0800000000000001       -157.64641415445203     
  -4.0599999999999996       -152.30664064080020     
  -4.0400000000000000       -147.12280203889662     
  -4.0199999999999996       -142.09110689624600     
  -4.0000000000000000       -137.20783761581410     
  -3.9799999999999995       -132.46934937095324     
  -3.9600000000000000       -127.87206903104362     
  -3.9399999999999995       -123.41249409778892     
  -3.9199999999999999       -119.08719165211984     
  -3.8999999999999995       -114.89279731164652     
  -3.8799999999999999       -110.82601419861194     
  -3.8599999999999994       -106.88361191828739     
  -3.8399999999999999       -103.06242554776261     
  -3.8200000000000003       -99.359354635071682     
  -3.7999999999999998       -95.771362208605666     
  -3.7800000000000002       -92.295473796756951     
  -3.7599999999999998       -88.928776457740952     
  -3.7400000000000002       -85.668417819544672     
  -3.7199999999999998       -82.511605129945536     
  -3.7000000000000002       -79.455604316550733     
  -3.6799999999999997       -76.497739056799844     
  -3.6600000000000001       -73.635389857881606     
  -3.6399999999999997       -70.865993146507492     
  -3.6200000000000001       -68.187040368492802     
  -3.5999999999999996       -65.596077098087790     
  -3.5800000000000001       -63.090702157009872     
  -3.5599999999999996       -60.668566743119435     
  -3.5400000000000000       -58.327373568689843     
  -3.5199999999999996       -56.064876008214590     
  -3.5000000000000000       -53.878877255702186     
  -3.4799999999999995       -51.767229491401544     
  -3.4600000000000000       -49.727833057908299     
  -3.4399999999999995       -47.758635645595419     
  -3.4199999999999999       -45.857631487317860     
  -3.3999999999999995       -44.022860562335154     
  -3.3799999999999999       -42.252407809401241     
  -3.3599999999999994       -40.544402348965910     
  -3.3399999999999999       -38.897016714436582     
  -3.3200000000000003       -37.308466092445492     
  -3.2999999999999998       -35.777007572070175     
  -3.2800000000000002       -34.300939402953496     
  -3.2599999999999998       -32.878600262269437     
  -3.2400000000000002       -31.508368530482620     
  -3.2199999999999998       -30.188661575846645     
  -3.2000000000000002       -28.917935047589797     
  -3.1799999999999997       -27.694682177732687     
  -3.1600000000000001       -26.517433091486993     
  -3.1399999999999997       -25.384754126179367     
  -3.1200000000000001       -24.295247158649854     
  -3.0999999999999996       -23.247548941069123     
  -3.0800000000000001       -22.240330445123256     
  -3.0599999999999996       -21.272296214511112     
  -3.0400000000000000       -20.342183725702419     
  -3.0199999999999996       -19.448762756902077     
  -3.0000000000000000       -18.590834765168417     
  -2.9799999999999995       -17.767232271631190     
  -2.9600000000000000       -16.976818254756914     
  -2.9399999999999995       -16.218485551607380     
  -2.9199999999999999       -15.491156267038882     
  -2.8999999999999995       -14.793781190788096     
  -2.8799999999999999       -14.125339222392052     
  -2.8599999999999994       -13.484836803888186     
  -2.8399999999999999       -12.871307360241923     
  -2.8200000000000003       -12.283810747447763     
  -2.7999999999999998       -11.721432708251168     
  -2.7800000000000002       -11.183284335437744     
  -2.7599999999999998       -10.668501542636154     
  -2.7400000000000002       -10.176244542582102     
  -2.7199999999999998       -9.7056973327893576     
  -2.7000000000000002       -9.2560671885752299     
  -2.6799999999999997       -8.8265841633865563     
  -2.6600000000000001       -8.4165005963735311     
  -2.6399999999999997       -8.0250906271574856     
  -2.6200000000000001       -7.6516497177399039     
  -2.5999999999999996       -7.2954941814988210     
  -2.5800000000000001       -6.9559607192198865     
  -2.5599999999999996       -6.6324059621082174     
  -2.5400000000000000       -6.3242060217283198     
  -2.5199999999999996       -6.0307560468182615     
  -2.5000000000000000       -5.7514697869252709     
  -2.4799999999999995       -5.4857791628090657     
  -2.4600000000000000       -5.2331338435599930     
  -2.4399999999999995       -4.9930008303783264     
  -2.4199999999999999       -4.7648640469617813     
  -2.3999999999999995       -4.5482239364476298     
  -2.3799999999999999       -4.3425970648564345     
  -2.3599999999999994       -4.1475157309838009     
  -2.3399999999999999       -3.9625275826871675     
  -2.3200000000000003       -3.7871952395140642     
  -2.2999999999999998       -3.6210959216187364     
  -2.2800000000000002       -3.4638210849138091     
  -2.2599999999999998       -3.3149760624035727     
  -2.2400000000000002       -3.1741797116458232     
  -2.2199999999999998       -3.0410640682887284     
  -2.2000000000000002       -2.9152740056296427     
  -2.1799999999999997       -2.7964669001423959     
  -2.1600000000000001       -2.6843123029199276     
  -2.1399999999999997       -2.5784916169788228     
  -2.1200000000000001       -2.4786977803726113     
  -2.0999999999999996       -2.3846349550603865     
  -2.0800000000000001       -2.2960182214776061     
  -2.0599999999999996       -2.2125732787556318     
  -2.0400000000000000       -2.1340361505368661     
  -2.0199999999999996       -2.0601528963320561     
  -2.0000000000000000       -1.9906793283665964     
  -1.9800000000000004       -1.9253807338624380     
  -1.9599999999999991       -1.8640316027023860     
  -1.9399999999999995       -1.8064153604234767     
  -1.9199999999999999       -1.7523241064860895     
  -1.9000000000000004       -1.7015583577655944     
  -1.8799999999999990       -1.6539267972131739     
  -1.8599999999999994       -1.6092460276325753     
  -1.8399999999999999       -1.5673403305194360     
  -1.8200000000000003       -1.5280414299099832     
  -1.8000000000000007       -1.4911882611857414     
  -1.7799999999999994       -1.4566267447809915     
  -1.7599999999999998       -1.4242095647396955     
  -1.7400000000000002       -1.3937959520685559     
  -1.7200000000000006       -1.3652514728329777     
  -1.6999999999999993       -1.3384478209425965     
  -1.6799999999999997       -1.3132626155731106     
  -1.6600000000000001       -1.2895792031710891     
  -1.6400000000000006       -1.2672864639885200     
  -1.6199999999999992       -1.2462786230937548     
  -1.5999999999999996       -1.2264550658056006     
  -1.5800000000000001       -1.2077201574972278     
  -1.5600000000000005       -1.1899830677166439     
  -1.5399999999999991       -1.1731575985704141     
  -1.5199999999999996       -1.1571620173173567     
  -1.5000000000000000       -1.1419188931188962     
  -1.4800000000000004       -1.1273549378928194     
  -1.4599999999999991       -1.1134008512171145     
  -1.4399999999999995       -1.0999911692306190     
  -1.4199999999999999       -1.0870641174771716     
  -1.4000000000000004       -1.0745614676399935     
  -1.3799999999999990       -1.0624283981129963     
  -1.3599999999999994       -1.0506133583557360     
  -1.3399999999999999       -1.0390679369787039     
  -1.3200000000000003       -1.0277467335056889     
  -1.2999999999999989       -1.0166072337599010     
  -1.2799999999999994       -1.0056096888205772     
  -1.2599999999999998      -0.99471699749676445     
  -1.2400000000000002      -0.98389459226500864     
  -1.2200000000000006      -0.97311032861764424     
  -1.1999999999999993      -0.96233437776839670     
  -1.1799999999999997      -0.95153912266201524     
  -1.1600000000000001      -0.94069905723462732     
  -1.1400000000000006      -0.92979068887154714     
  -1.1199999999999992      -0.91879244400922822     
  -1.0999999999999996      -0.90768457682808223     
  -1.0800000000000001      -0.89644908098286147     
  -1.0600000000000005      -0.88506960431732629     
  -1.0399999999999991      -0.87353136650989893     
  -1.0199999999999996      -0.86182107959701948     
  -1.0000000000000000      -0.84992687132089995     
 -0.98000000000000043      -0.83783821124840441     
 -0.95999999999999908      -0.82554583960775019     
 -0.93999999999999950      -0.81304169878974919     
 -0.91999999999999993      -0.80031886746028436     
 -0.90000000000000036      -0.78737149723074995     
 -0.87999999999999901      -0.77419475183314823     
 -0.85999999999999943      -0.76078474874656687     
 -0.83999999999999986      -0.74713850322172437     
 -0.82000000000000028      -0.73325387465031988     
 -0.79999999999999893      -0.71912951522587532     
 -0.77999999999999936      -0.70476482084279557     
 -0.75999999999999979      -0.69015988418033325     
 -0.74000000000000021      -0.67531544991819592     
 -0.72000000000000064      -0.66023287203048420     
 -0.69999999999999929      -0.64491407310467563     
 -0.67999999999999972      -0.62936150563237236     
 -0.66000000000000014      -0.61357811521850092     
 -0.64000000000000057      -0.59756730565569849     
 -0.61999999999999922      -0.58133290581057717     
 -0.59999999999999964      -0.56487913826858904     
 -0.58000000000000007      -0.54821058968417835     
 -0.56000000000000050      -0.53133218278296213     
 -0.53999999999999915      -0.51424914996262150     
 -0.51999999999999957      -0.49696700843923342     
 -0.50000000000000000      -0.47949153688572627     
 -0.48000000000000043      -0.46182875350920011     
 -0.45999999999999908      -0.44398489551379644     
 -0.43999999999999950      -0.42596639989584417     
 -0.41999999999999993      -0.40777988551796723     
 -0.40000000000000036      -0.38943213640889418     
 -0.37999999999999901      -0.37093008623565371     
 -0.35999999999999943      -0.35228080389488464     
 -0.33999999999999986      -0.33349148016994384     
 -0.32000000000000028      -0.31456941540055400     
 -0.29999999999999893      -0.29552200811167345     
 -0.27999999999999936      -0.27635674454831938     
 -0.25999999999999979      -0.25708118906302418     
 -0.24000000000000021      -0.23770297530267009     
 -0.22000000000000064      -0.21822979814138468     
 -0.19999999999999929      -0.19866940630621602     
 -0.17999999999999972      -0.17902959564230458     
 -0.16000000000000014      -0.15931820296423568     
 -0.14000000000000057      -0.13954310044031629     
 -0.11999999999999922      -0.11971219045645790     
  -9.9999999999999645E-002  -9.9833400906395267E-002
  -8.0000000000000071E-002  -7.9914680854922801E-002
  -6.0000000000000497E-002  -5.9963996520892640E-002
  -3.9999999999999147E-002  -3.9989327526655676E-002
  -1.9999999999999574E-002  -1.9998663360676041E-002
   0.0000000000000000        0.0000000000000000     
   1.9999999999999574E-002   1.9998663360676041E-002
   4.0000000000000924E-002   3.9989327526657452E-002
   6.0000000000000497E-002   5.9963996520892640E-002
   8.0000000000000071E-002   7.9914680854922801E-002
   9.9999999999999645E-002   9.9833400906395267E-002
  0.12000000000000099       0.11971219045645966     
  0.14000000000000057       0.13954310044031629     
  0.16000000000000014       0.15931820296423568     
  0.17999999999999972       0.17902959564230458     
  0.20000000000000107       0.19866940630621777     
  0.22000000000000064       0.21822979814138468     
  0.24000000000000021       0.23770297530267009     
  0.25999999999999979       0.25708118906302418     
  0.27999999999999936       0.27635674454831938     
  0.30000000000000071       0.29552200811167512     
  0.32000000000000028       0.31456941540055400     
  0.33999999999999986       0.33349148016994384     
  0.35999999999999943       0.35228080389488464     
  0.38000000000000078       0.37093008623565532     
  0.40000000000000036       0.38943213640889418     
  0.41999999999999993       0.40777988551796723     
  0.43999999999999950       0.42596639989584417     
  0.46000000000000085       0.44398489551379805     
  0.48000000000000043       0.46182875350920011     
  0.50000000000000000       0.47949153688572627     
  0.51999999999999957       0.49696700843923342     
  0.54000000000000092       0.51424914996262305     
  0.56000000000000050       0.53133218278296213     
  0.58000000000000007       0.54821058968417835     
  0.59999999999999964       0.56487913826858904     
  0.62000000000000099       0.58133290581057862     
  0.64000000000000057       0.59756730565569849     
  0.66000000000000014       0.61357811521850092     
  0.67999999999999972       0.62936150563237236     
  0.70000000000000107       0.64491407310467697     
  0.72000000000000064       0.66023287203048420     
  0.74000000000000021       0.67531544991819592     
  0.75999999999999979       0.69015988418033325     
  0.77999999999999936       0.70476482084279557     
  0.80000000000000071       0.71912951522587665     
  0.82000000000000028       0.73325387465031988     
  0.83999999999999986       0.74713850322172437     
  0.85999999999999943       0.76078474874656687     
  0.88000000000000078       0.77419475183314956     
  0.90000000000000036       0.78737149723074995     
  0.91999999999999993       0.80031886746028436     
  0.93999999999999950       0.81304169878974919     
  0.96000000000000085       0.82554583960775119     
  0.98000000000000043       0.83783821124840441     
   1.0000000000000000       0.84992687132089995     
   1.0199999999999996       0.86182107959701948     
   1.0400000000000009       0.87353136650989993     
   1.0600000000000005       0.88506960431732629     
   1.0800000000000001       0.89644908098286147     
   1.0999999999999996       0.90768457682808223     
   1.1200000000000010       0.91879244400922910     
   1.1400000000000006       0.92979068887154714     
   1.1600000000000001       0.94069905723462732     
   1.1799999999999997       0.95153912266201524     
   1.2000000000000011       0.96233437776839770     
   1.2200000000000006       0.97311032861764424     
   1.2400000000000002       0.98389459226500864     
   1.2599999999999998       0.99471699749676445     
   1.2799999999999994        1.0056096888205772     
   1.3000000000000007        1.0166072337599021     
   1.3200000000000003        1.0277467335056889     
   1.3399999999999999        1.0390679369787039     
   1.3599999999999994        1.0506133583557360     
   1.3800000000000008        1.0624283981129974     
   1.4000000000000004        1.0745614676399935     
   1.4199999999999999        1.0870641174771716     
   1.4399999999999995        1.0999911692306190     
   1.4600000000000009        1.1134008512171156     
   1.4800000000000004        1.1273549378928194     
   1.5000000000000000        1.1419188931188962     
   1.5199999999999996        1.1571620173173567     
   1.5400000000000009        1.1731575985704157     
   1.5600000000000005        1.1899830677166439     
   1.5800000000000001        1.2077201574972278     
   1.5999999999999996        1.2264550658056006     
   1.6200000000000010        1.2462786230937566     
   1.6400000000000006        1.2672864639885200     
   1.6600000000000001        1.2895792031710891     
   1.6799999999999997        1.3132626155731106     
   1.7000000000000011        1.3384478209425992     
   1.7200000000000006        1.3652514728329777     
   1.7400000000000002        1.3937959520685559     
   1.7599999999999998        1.4242095647396955     
   1.7799999999999994        1.4566267447809915     
   1.8000000000000007        1.4911882611857414     
   1.8200000000000003        1.5280414299099832     
   1.8399999999999999        1.5673403305194360     
   1.8599999999999994        1.6092460276325753     
   1.8800000000000008        1.6539267972131784     
   1.9000000000000004        1.7015583577655944     
   1.9199999999999999        1.7523241064860895     
   1.9399999999999995        1.8064153604234767     
   1.9600000000000009        1.8640316027023911     
   1.9800000000000004        1.9253807338624380     
   2.0000000000000000        1.9906793283665964     
   2.0199999999999996        2.0601528963320561     
   2.0400000000000009        2.1340361505368692     
   2.0600000000000005        2.2125732787556358     
   2.0800000000000001        2.2960182214776061     
   2.0999999999999996        2.3846349550603865     
   2.1200000000000010        2.4786977803726153     
   2.1400000000000006        2.5784916169788277     
   2.1600000000000001        2.6843123029199276     
   2.1799999999999997        2.7964669001423959     
   2.2000000000000011        2.9152740056296480     
   2.2200000000000006        3.0410640682887333     
   2.2400000000000002        3.1741797116458232     
   2.2599999999999998        3.3149760624035727     
   2.2800000000000011        3.4638210849138154     
   2.3000000000000007        3.6210959216187439     
   2.3200000000000003        3.7871952395140642     
   2.3399999999999999        3.9625275826871675     
   2.3599999999999994        4.1475157309838009     
   2.3800000000000008        4.3425970648564434     
   2.4000000000000004        4.5482239364476396     
   2.4199999999999999        4.7648640469617813     
   2.4399999999999995        4.9930008303783264     
   2.4600000000000009        5.2331338435600037     
   2.4800000000000004        5.4857791628090755     
   2.5000000000000000        5.7514697869252709     
   2.5199999999999996        6.0307560468182615     
   2.5400000000000009        6.3242060217283340     
   2.5600000000000005        6.6324059621082316     
   2.5800000000000001        6.9559607192198865     
   2.5999999999999996        7.2954941814988210     
   2.6200000000000010        7.6516497177399199     
   2.6400000000000006        8.0250906271575051     
   2.6600000000000001        8.4165005963735311     
   2.6799999999999997        8.8265841633865563     
   2.7000000000000011        9.2560671885752477     
   2.7200000000000006        9.7056973327893754     
   2.7400000000000002        10.176244542582102     
   2.7599999999999998        10.668501542636154     
   2.7800000000000011        11.183284335437767     
   2.8000000000000007        11.721432708251193     
   2.8200000000000003        12.283810747447763     
   2.8399999999999999        12.871307360241923     
   2.8599999999999994        13.484836803888186     
   2.8800000000000008        14.125339222392082     
   2.9000000000000004        14.793781190788124     
   2.9199999999999999        15.491156267038882     
   2.9399999999999995        16.218485551607380     
   2.9600000000000009        16.976818254756946     
   2.9800000000000004        17.767232271631226     
   3.0000000000000000        18.590834765168417     
   3.0199999999999996        19.448762756902077     
   3.0400000000000009        20.342183725702458     
   3.0600000000000005        21.272296214511151     
   3.0800000000000001        22.240330445123256     
   3.0999999999999996        23.247548941069123     
   3.1200000000000010        24.295247158649897     
   3.1400000000000006        25.384754126179413     
   3.1600000000000001        26.517433091486993     
   3.1799999999999997        27.694682177732687     
   3.2000000000000011        28.917935047589847     
   3.2200000000000006        30.188661575846716     
   3.2400000000000002        31.508368530482620     
   3.2599999999999998        32.878600262269437     
   3.2800000000000011        34.300939402953560     
   3.3000000000000007        35.777007572070225     
   3.3200000000000003        37.308466092445492     
   3.3399999999999999        38.897016714436582     
   3.3599999999999994        40.544402348965910     
   3.3800000000000008        42.252407809401340     
   3.4000000000000004        44.022860562335225     
   3.4199999999999999        45.857631487317860     
   3.4399999999999995        47.758635645595419     
   3.4600000000000009        49.727833057908384     
   3.4800000000000004        51.767229491401650     
   3.5000000000000000        53.878877255702186     
   3.5199999999999996        56.064876008214590     
   3.5400000000000009        58.327373568689936     
   3.5600000000000005        60.668566743119563     
   3.5800000000000001        63.090702157009872     
   3.5999999999999996        65.596077098087790     
   3.6200000000000010        68.187040368492930     
   3.6400000000000006        70.865993146507620     
   3.6600000000000001        73.635389857881606     
   3.6799999999999997        76.497739056799844     
   3.7000000000000011        79.455604316550875     
   3.7200000000000006        82.511605129945664     
   3.7400000000000002        85.668417819544672     
   3.7599999999999998        88.928776457740952     
   3.7800000000000011        92.295473796757094     
   3.8000000000000007        95.771362208605794     
   3.8200000000000003        99.359354635071682     
   3.8399999999999999        103.06242554776261     
   3.8599999999999994        106.88361191828739     
   3.8800000000000008        110.82601419861213     
   3.9000000000000004        114.89279731164672     
   3.9199999999999999        119.08719165211984     
   3.9399999999999995        123.41249409778892     
   3.9600000000000009        127.87206903104382     
   3.9800000000000004        132.46934937095344     
   4.0000000000000000        137.20783761581410     
   4.0199999999999996        142.09110689624600     
   4.0400000000000009        147.12280203889688     
   4.0600000000000005        152.30664064080042     
   4.0800000000000001        157.64641415445203     
   4.0999999999999996        163.14598898364349     
   4.1200000000000010        168.80930759011878     
   4.1400000000000006        174.64038961109887     
   4.1600000000000001        180.64333298773539     
   4.1799999999999997        186.82231510453718     
   4.2000000000000011        193.18159393983157     
   4.2200000000000006        199.72550922730653     
   4.2400000000000002        206.45848362869597     
   4.2599999999999998        213.38502391765087     
   4.2800000000000011        220.50972217485858     
   4.3000000000000007        227.83725699445415     
   4.3200000000000003        235.37239470179162     
   4.3399999999999999        243.11999058261108     
   4.3599999999999994        251.08499012366718     
   4.3800000000000008        259.27243026486866     
   4.4000000000000004        267.68744066297808     
   4.4199999999999999        276.33524496693622     
   4.4399999999999995        285.22116210484967     
   4.4600000000000009        294.35060758270765     
   4.4800000000000004        303.72909479487009     
   4.5000000000000000        313.36223634639566     
   4.5199999999999996        323.25574538724373     
   4.5400000000000009        333.41543695842080     
   4.5600000000000005        343.84722935010956     
   4.5800000000000001        354.55714547185278     
   4.5999999999999996        365.55131423482362     
   4.6200000000000010        376.83597194625264     
   4.6400000000000006        388.41746371605177     
   4.6600000000000001        400.30224487570598     
   4.6799999999999997        412.49688240946455     
   4.7000000000000011        425.00805639790201     
   4.7200000000000006        437.84256147388885     
   4.7400000000000002        451.00730829104458     
   4.7599999999999998        464.50932500470157     
   4.7800000000000011        478.35575876545278     
   4.8000000000000007        492.55387722532276     
   4.8200000000000003        507.11107005663359     
   4.8399999999999999        522.03485048359471     
   4.8599999999999994        537.33285682668884     
   4.8800000000000008        553.01285405990177     
   4.9000000000000004        569.08273538084120     
   4.9199999999999999        585.55052379381789     
   4.9399999999999995        602.42437370591801     
   4.9600000000000009        619.71257253613919     
   4.9800000000000004        637.42354233762580     
   5.0000000000000000        655.56584143308442     
   5.0199999999999996        674.14816606339912     
   5.0400000000000009        693.17935204952551     
   5.0600000000000005        712.66837646769670     
   5.0800000000000001        732.62435933802465     
   5.0999999999999996        753.05656532651051     
   5.1200000000000010        773.97440546054975     
   5.1400000000000006        795.38743885796293     
   5.1600000000000001        817.30537446963172     
   5.1799999999999997        839.73807283576082     
   5.2000000000000011        862.69554785584739     
   5.2200000000000006        886.18796857238385     
   5.2400000000000002        910.22566096838739     
   5.2599999999999998        934.81910977876237     
   5.2800000000000011        959.97896031558685     
   5.3000000000000007        985.71602030734221     
   5.3200000000000003        1012.0412617521874     
   5.3399999999999999        1038.9658227852763     
   5.3599999999999994        1066.5010095602056     
   5.3800000000000008        1094.6582981446456     
   5.4000000000000004        1123.4493364301788     
   5.4199999999999999        1152.8859460564520     
   5.4399999999999995        1182.9801243496338     
   5.4600000000000009        1213.7440462752795     
   5.4800000000000004        1245.1900664056197     
   5.5000000000000000        1277.3307209013717     
   5.5199999999999996        1310.1787295080705     
   5.5400000000000009        1343.7469975670215     
   5.5600000000000005        1378.0486180408875     
   5.5800000000000001        1413.0968735540148     
   5.5999999999999996        1448.9052384474903     
   5.6200000000000010        1485.4873808490345     
   5.6400000000000006        1522.8571647577378     
   5.6600000000000001        1561.0286521437563     
   5.6799999999999997        1600.0161050629476     
   5.7000000000000011        1639.8339877865512     
   5.7200000000000006        1680.4969689459390     
   5.7400000000000002        1722.0199236925187     
   5.7599999999999998        1764.4179358728111     
   5.7800000000000011        1807.7063002187708     
   5.8000000000000007        1851.9005245533899     
   5.8200000000000003        1897.0163320116869     
   5.8399999999999999        1943.0696632770489     
   5.8600000000000012        1990.0766788330684     
   5.8800000000000008        2038.0537612308458     
   5.9000000000000004        2087.0175173719012     
   5.9199999999999999        2136.9847808066670     
   5.9399999999999995        2187.9726140486537     
   5.9600000000000009        2239.9983109043478     
   5.9800000000000004        2293.0793988188534     
   6.0000000000000000        2347.2336412374202     
   6.0199999999999996        2402.4790399827853     
   6.0399999999999991        2458.8338376484921     
   6.0599999999999987        2516.3165200081771     
   6.0800000000000018        2574.9458184409218     
   6.1000000000000014        2634.7407123726293     
   6.1200000000000010        2695.7204317336686     
   6.1400000000000006        2757.9044594326001     
   6.1600000000000001        2821.3125338462232     
   6.1799999999999997        2885.9646513259067     
   6.1999999999999993        2951.8810687202808     
   6.2199999999999989        3019.0823059143549     
   6.2400000000000020        3087.5891483850992     
   6.2600000000000016        3157.4226497734949     
   6.2800000000000011        3228.6041344732762     
   6.3000000000000007        3301.1552002361759     
   6.3200000000000003        3375.0977207939168     
   6.3399999999999999        3450.4538484969180     
   6.3599999999999994        3527.2460169697965     
   6.3799999999999990        3605.4969437836976     
   6.3999999999999986        3685.2296331455232     
   6.4200000000000017        3766.4673786041285     
   6.4400000000000013        3849.2337657734320     
   6.4600000000000009        3933.5526750727340     
   6.4800000000000004        4019.4482844839945     
   6.5000000000000000        4106.9450723263399     
   6.5199999999999996        4196.0678200477705     
   6.5399999999999991        4286.8416150341345     
   6.5599999999999987        4379.2918534354185     
   6.5800000000000018        4473.4442430094323     
   6.6000000000000014        4569.3248059828302     
   6.6200000000000010        4666.9598819297944     
   6.6400000000000006        4766.3761306680490     
   6.6600000000000001        4867.6005351725889     
   6.6799999999999997        4970.6604045069926     
   6.6999999999999993        5075.5833767724516     
   6.7199999999999989        5182.3974220745386     
   6.7400000000000020        5291.1308455077869     
   6.7600000000000016        5401.8122901580355     
   6.7800000000000011        5514.4707401228698     
   6.8000000000000007        5629.1355235498204     
   6.8200000000000003        5745.8363156926971     
   6.8399999999999999        5864.6031419859173     
   6.8599999999999994        5985.4663811370210     
   6.8799999999999990        6108.4567682373026     
   6.8999999999999986        6233.6053978906839     
   6.9200000000000017        6360.9437273609146     
   6.9400000000000013        6490.5035797369464     
   6.9600000000000009        6622.3171471169599     
   6.9800000000000004        6756.4169938105670     
   7.0000000000000000        6892.8360595596623     
   7.0199999999999996        7031.6076627777502     
   7.0399999999999991        7172.7655038079074     
   7.0599999999999987        7316.3436681993671     
   7.0800000000000018        7462.3766300028647     
   7.1000000000000014        7610.8992550845851     
   7.1200000000000010        7761.9468044592049     
   7.1400000000000006        7915.5549376415038     
   7.1600000000000001        8071.7597160170808     
   7.1799999999999997        8230.5976062319623     
   7.1999999999999993        8392.1054836012463     
   7.2199999999999989        8556.3206355368675     
   7.2400000000000020        8723.2807649944552     
   7.2600000000000016        8893.0239939392795     
   7.2800000000000011        9065.5888668317220     
   7.3000000000000007        9241.0143541317102     
   7.3200000000000003        9419.3398558226854     
   7.3399999999999999        9600.6052049549289     
   7.3599999999999994        9784.8506712083126     
   7.3799999999999990        9972.1169644745860     
   7.4000000000000021        10162.445238459248     
   7.4200000000000017        10355.877094302834     
   7.4400000000000013        10552.454584222245     
   7.4600000000000009        10752.220215171434     
   7.4800000000000004        10955.216952522034     
   7.5000000000000000        11161.488223763768     
   7.5199999999999996        11371.077922224777     
   7.5399999999999991        11584.030410811807     
   7.5599999999999987        11800.390525770452     
   7.5800000000000018        12020.203580465435     
   7.6000000000000014        12243.515369180783     
   7.6200000000000010        12470.372170940562     
   7.6400000000000006        12700.820753349388     
   7.6600000000000001        12934.908376453397     
   7.6799999999999997        13172.682796621495     
   7.6999999999999993        13414.192270446936     
   7.7199999999999989        13659.485558669336     
   7.7400000000000020        13908.611930117164     
   7.7600000000000016        14161.621165670593     
   7.7800000000000011        14418.563562245256     
   7.8000000000000007        14679.489936796295     
   7.8200000000000003        14944.451630343247     
   7.8399999999999999        15213.500512015617     
   7.8599999999999994        15486.688983119255     
   7.8799999999999990        15764.069981223569     
   7.9000000000000021        16045.696984269636     
   7.9200000000000017        16331.624014699084     
   7.9400000000000013        16621.905643604394     
   7.9600000000000009        16916.596994899788     
   7.9800000000000004        17215.753749513478     
   8.0000000000000000        17519.432149601009     
   8.0199999999999996        17827.689002779785     
   8.0399999999999991        18140.581686384925     
   8.0599999999999987        18458.168151746388     
   8.0800000000000018        18780.506928487463     
   8.1000000000000014        19107.657128844581     
   8.1200000000000010        19439.678452008960     
   8.1400000000000006        19776.631188489384     
   8.1600000000000001        20118.576224496701     
   8.1799999999999997        20465.575046350023     
   8.1999999999999993        20817.689744904539     
   8.2199999999999989        21174.983020001095     
   8.2400000000000020        21537.518184937679     
   8.2600000000000016        21905.359170962314     
   8.2800000000000011        22278.570531788631     
   8.3000000000000007        22657.217448132702     
   8.3200000000000003        23041.365732272126     
   8.3399999999999999        23431.081832627271     
   8.3599999999999994        23826.432838364486     
   8.3799999999999990        24227.486484021592     
   8.4000000000000021        24634.311154155523     
   8.4200000000000017        25046.975888012119     
   8.4400000000000013        25465.550384218703     
   8.4600000000000009        25890.105005498473     
   8.4800000000000004        26320.710783407703     
   8.5000000000000000        26757.439423095246     
   8.5199999999999996        27200.363308084721     
   8.5399999999999991        27649.555505079185     
   8.5599999999999987        28105.089768788461     
   8.5800000000000018        28567.040546779335     
   8.6000000000000014        29035.482984348044     
   8.6200000000000010        29510.492929416327     
   8.6400000000000006        29992.146937449663     
   8.6600000000000001        30480.522276398689     
   8.6799999999999997        30975.696931663646     
   8.6999999999999993        31477.749611081639     
   8.7199999999999989        31986.759749937293     
   8.7400000000000020        32502.807515996221     
   8.7600000000000016        33025.973814561621     
   8.7800000000000011        33556.340293554720     
   8.8000000000000007        34093.989348617761     
   8.8200000000000003        34639.004128240682     
   8.8399999999999999        35191.468538911256     
   8.8599999999999994        35751.467250288384     
   8.8799999999999990        36319.085700399330     
   8.9000000000000021        36894.410100860106     
   8.9200000000000017        37477.527442119404     
   8.9400000000000013        38068.525498726907     
   8.9600000000000009        38667.492834624427     
   8.9800000000000004        39274.518808461362     
   9.0000000000000000        39889.693578933628     
   9.0199999999999996        40513.108110146888     
   9.0399999999999991        41144.854177003232     
   9.0599999999999987        41785.024370612249     
   9.0800000000000018        42433.712103725964     
   9.1000000000000014        43091.011616197378     
   9.1200000000000010        43757.017980464407     
   9.1400000000000006        44431.827107056684     
   9.1600000000000001        45115.535750127347     
   9.1799999999999997        45808.241513008805     
   9.1999999999999993        46510.042853793166     
   9.2199999999999989        47221.039090936742     
   9.2400000000000020        47941.330408889349     
   9.2600000000000016        48671.017863747475     
   9.2800000000000011        49410.203388933143     
   9.3000000000000007        50158.989800896306     
   9.3200000000000003        50917.480804842460     
   9.3399999999999999        51685.781000484785     
   9.3599999999999994        52463.995887821249     
   9.3799999999999990        53252.231872936347     
   9.4000000000000021        54050.596273828043     
   9.4200000000000017        54859.197326258793     
   9.4400000000000013        55678.144189633073     
   9.4600000000000009        56507.546952898578     
   9.4800000000000004        57347.516640473012     
   9.5000000000000000        58198.165218196220     
   9.5199999999999996        59059.605599307208     
   9.5399999999999991        59931.951650446594     
   9.5599999999999987        60815.318197684421     
   9.5800000000000018        61709.821032573287     
   9.6000000000000014        62615.576918226325     
   9.6200000000000010        63532.703595422136     
   9.6400000000000006        64461.319788733563     
   9.6600000000000001        65401.545212683151     
   9.6799999999999997        66353.500577923653     
   9.6999999999999993        67317.307597444596     
   9.7199999999999989        68293.088992804405     
   9.7400000000000020        69280.968500388466     
   9.7600000000000016        70281.070877692284     
   9.7800000000000011        71293.521909632254     
   9.8000000000000007        72318.448414880477     
   9.8200000000000003        73355.978252226661     
   9.8399999999999999        74406.240326965999     
   9.8599999999999994        75469.364597312611     
   9.8799999999999990        76545.482080839894     
   9.9000000000000021        77634.724860946779     
   9.9200000000000017        78737.226093349367     
   9.9400000000000013        79853.120012601052     
   9.9600000000000009        80982.541938636714     
   9.9800000000000004        82125.628283344864     
