  -10.000000000000000        2270.6510881404765     
  -9.9800000000000004        2252.5272022325366     
  -9.9600000000000009        2234.5175289698950     
  -9.9399999999999995        2216.6215359777925     
  -9.9199999999999999        2198.8386925127393     
  -9.9000000000000004        2181.1684694600399     
  -9.8800000000000008        2163.6103393313329     
  -9.8599999999999994        2146.1637762621285     
  -9.8399999999999999        2128.8282560093439     
  -9.8200000000000003        2111.6032559488344     
  -9.8000000000000007        2094.4882550729335     
  -9.7799999999999994        2077.4827339879803     
  -9.7599999999999998        2060.5861749118685     
  -9.7400000000000002        2043.7980616715677     
  -9.7200000000000006        2027.1178797006653     
  -9.6999999999999993        2010.5451160369021     
  -9.6799999999999997        1994.0792593197079     
  -9.6600000000000001        1977.7197997877331     
  -9.6400000000000006        1961.4662292763876     
  -9.6199999999999992        1945.3180412153731     
  -9.5999999999999996        1929.2747306262243     
  -9.5800000000000001        1913.3357941198356     
  -9.5600000000000005        1897.5007298940031     
  -9.5399999999999991        1881.7690377309566     
  -9.5199999999999996        1866.1402189948992     
  -9.5000000000000000        1850.6137766295351     
  -9.4800000000000004        1835.1892151556117     
  -9.4600000000000009        1819.8660406684512     
  -9.4399999999999995        1804.6437608354870     
  -9.4199999999999999        1789.5218848938027     
  -9.4000000000000004        1774.4999236476599     
  -9.3800000000000008        1759.5773894660374     
  -9.3599999999999994        1744.7537962801673     
  -9.3399999999999999        1730.0286595810728     
  -9.3200000000000003        1715.4014964170956     
  -9.3000000000000007        1700.8718253914378     
  -9.2799999999999994        1686.4391666596948     
  -9.2599999999999998        1672.1030419273927     
  -9.2400000000000002        1657.8629744475209     
  -9.2200000000000006        1643.7184890180667     
  -9.1999999999999993        1629.6691119795535     
  -9.1799999999999997        1615.7143712125776     
  -9.1600000000000001        1601.8537961353395     
  -9.1400000000000006        1588.0869177011775     
  -9.1199999999999992        1574.4132683961084     
  -9.0999999999999996        1560.8323822363625     
  -9.0800000000000001        1547.3437947659143     
  -9.0600000000000005        1533.9470430540214     
  -9.0399999999999991        1520.6416656927572     
  -9.0199999999999996        1507.4272027945515     
  -9.0000000000000000        1494.3031959897185     
  -8.9800000000000004        1481.2691884239973     
  -8.9600000000000009        1468.3247247560853     
  -8.9399999999999995        1455.4693511551734     
  -8.9199999999999999        1442.7026152984847     
  -8.9000000000000004        1430.0240663688021     
  -8.8799999999999990        1417.4332550520107     
  -8.8599999999999994        1404.9297335346334     
  -8.8399999999999999        1392.5130555013588     
  -8.8200000000000003        1380.1827761325849     
  -8.8000000000000007        1367.9384521019488     
  -8.7799999999999994        1355.7796415738630     
  -8.7599999999999998        1343.7059042010562     
  -8.7400000000000002        1331.7168011220997     
  -8.7200000000000006        1319.8118949589489     
  -8.6999999999999993        1307.9907498144748     
  -8.6799999999999997        1296.2529312700058     
  -8.6600000000000001        1284.5980063828551     
  -8.6400000000000006        1273.0255436838593     
  -8.6199999999999992        1261.5351131749135     
  -8.5999999999999996        1250.1262863265106     
  -8.5800000000000001        1238.7986360752693     
  -8.5600000000000005        1227.5517368214737     
  -8.5399999999999991        1216.3851644266076     
  -8.5199999999999996        1205.2984962108933     
  -8.5000000000000000        1194.2913109508199     
  -8.4800000000000004        1183.3631888766845     
  -8.4600000000000009        1172.5137116701244     
  -8.4399999999999995        1161.7424624616531     
  -8.4199999999999999        1151.0490258281989     
  -8.4000000000000004        1140.4329877906343     
  -8.3799999999999990        1129.8939358113148     
  -8.3599999999999994        1119.4314587916151     
  -8.3399999999999999        1109.0451470694620     
  -8.3200000000000003        1098.7345924168701     
  -8.3000000000000007        1088.4993880374786     
  -8.2799999999999994        1078.3391285640844     
  -8.2599999999999998        1068.2534100561822     
  -8.2400000000000002        1058.2418299974922     
  -8.2200000000000006        1048.3039872935021     
  -8.1999999999999993        1038.4394822689969     
  -8.1799999999999997        1028.6479166656022     
  -8.1600000000000001        1018.9288936393096     
  -8.1400000000000006        1009.2820177580198     
  -8.1199999999999992        999.70689499907189     
  -8.0999999999999996        990.20313274678620     
  -8.0800000000000001        980.77033978999134     
  -8.0600000000000005        971.40812631956419     
  -8.0399999999999991        962.11610392596469     
  -8.0199999999999996        952.89388559677161     
  -8.0000000000000000        943.74108571421607     
  -7.9800000000000004        934.65732005271730     
  -7.9600000000000000        925.64220577641890     
  -7.9399999999999995        916.69536143672303     
  -7.9199999999999999        907.81640696982879     
  -7.9000000000000004        899.00496369426264     
  -7.8799999999999999        890.26065430841561     
  -7.8599999999999994        881.58310288808207     
  -7.8399999999999999        872.97193488399012     
  -7.8200000000000003        864.42677711933879     
  -7.7999999999999998        855.94725778733368     
  -7.7799999999999994        847.53300644872161     
  -7.7599999999999998        839.18365402932852     
  -7.7400000000000002        830.89883281759001     
  -7.7199999999999998        822.67817646208994     
  -7.6999999999999993        814.52131996909623     
  -7.6799999999999997        806.42789970009358     
  -7.6600000000000001        798.39755336932024     
  -7.6400000000000006        790.42992004130406     
  -7.6200000000000001        782.52464012839630     
  -7.5999999999999996        774.68135538830734     
  -7.5800000000000001        766.89970892164365     
  -7.5600000000000005        759.17934516944001     
  -7.5400000000000000        751.51990991069715     
  -7.5199999999999996        743.92105025991725     
  -7.5000000000000000        736.38241466463728     
  -7.4800000000000004        728.90365290296540     
  -7.4600000000000000        721.48441608111693     
  -7.4399999999999995        714.12435663094811     
  -7.4199999999999999        706.82312830749402     
  -7.4000000000000004        699.58038618650028     
  -7.3799999999999999        692.39578666196076     
  -7.3599999999999994        685.26898744365360     
  -7.3399999999999999        678.19964755467390     
  -7.3200000000000003        671.18742732897067     
  -7.2999999999999998        664.23198840888210     
  -7.2799999999999994        657.33299374266983     
  -7.2599999999999998        650.49010758205702     
  -7.2400000000000002        643.70299547976015     
  -7.2199999999999998        636.97132428702514     
  -7.1999999999999993        630.29476215116586     
  -7.1799999999999997        623.67297851309502     
  -7.1600000000000001        617.10564410486177     
  -7.1400000000000006        610.59243094718693     
  -7.1200000000000001        604.13301234699804     
  -7.0999999999999996        597.72706289496375     
  -7.0800000000000001        591.37425846303177     
  -7.0600000000000005        585.07427620196097     
  -7.0400000000000000        578.82679453885839     
  -7.0199999999999996        572.63149317471516     
  -7.0000000000000000        566.48805308193982     
  -6.9800000000000004        560.39615650189523     
  -6.9600000000000000        554.35548694243346     
  -6.9399999999999995        548.36572917543015     
  -6.9199999999999999        542.42656923432276     
  -6.9000000000000004        536.53769441164172     
  -6.8799999999999999        530.69879325654802     
  -6.8599999999999994        524.90955557237010     
  -6.8399999999999999        519.16967241413568     
  -6.8200000000000003        513.47883608610903     
  -6.7999999999999998        507.83674013932603     
  -6.7799999999999994        502.24307936912948     
  -6.7599999999999998        496.69754981270501     
  -6.7400000000000002        491.19984874661498     
  -6.7199999999999998        485.74967468433437     
  -6.6999999999999993        480.34672737378730     
  -6.6799999999999997        474.99070779488022     
  -6.6600000000000001        469.68131815703896     
  -6.6400000000000006        464.41826189674282     
  -6.6200000000000001        459.20124367506099     
  -6.5999999999999996        454.02996937518617     
  -6.5800000000000001        448.90414609997316     
  -6.5600000000000005        443.82348216946991     
  -6.5400000000000000        438.78768711845532     
  -6.5199999999999996        433.79647169397549     
  -6.5000000000000000        428.84954785287579     
  -6.4800000000000004        423.94662875933938     
  -6.4600000000000000        419.08742878242020     
  -6.4399999999999995        414.27166349357992     
  -6.4199999999999999        409.49904966422281     
  -6.4000000000000004        404.76930526323002     
  -6.3799999999999999        400.08214945449583     
  -6.3599999999999994        395.43730259446380     
  -6.3399999999999999        390.83448622966000     
  -6.3200000000000003        386.27342309422943     
  -6.2999999999999998        381.75383710747178     
  -6.2799999999999994        377.27545337137570     
  -6.2599999999999998        372.83799816815554     
  -6.2400000000000002        368.44119895778499     
  -6.2199999999999998        364.08478437553288     
  -6.1999999999999993        359.76848422949996     
  -6.1799999999999997        355.49202949815219     
  -6.1600000000000001        351.25515232785665     
  -6.1400000000000006        347.05758603041750     
  -6.1200000000000001        342.89906508061068     
  -6.0999999999999996        338.77932511371915     
  -6.0800000000000001        334.69810292306920     
  -6.0600000000000005        330.65513645756420     
  -6.0400000000000000        326.65016481922066     
  -6.0199999999999996        322.68292826070433     
  -6.0000000000000000        318.75316818286410     
  -5.9799999999999995        314.86062713226801     
  -5.9600000000000000        311.00504879873836     
  -5.9399999999999995        307.18617801288713     
  -5.9199999999999999        303.40376074365207     
  -5.9000000000000004        299.65754409583036     
  -5.8799999999999999        295.94727630761480     
  -5.8600000000000003        292.27270674812968     
  -5.8399999999999999        288.63358591496512     
  -5.8200000000000003        285.02966543171277     
  -5.7999999999999998        281.46069804550098     
  -5.7800000000000002        277.92643762453025     
  -5.7599999999999998        274.42663915560865     
  -5.7400000000000002        270.96105874168734     
  -5.7199999999999998        267.52945359939469     
  -5.7000000000000002        264.13158205657334     
  -5.6799999999999997        260.76720354981381     
  -5.6600000000000001        257.43607862199082     
  -5.6399999999999997        254.13796891979854     
  -5.6200000000000001        250.87263719128532     
  -5.5999999999999996        247.63984728338963     
  -5.5800000000000001        244.43936413947534     
  -5.5599999999999996        241.27095379686625     
  -5.5400000000000000        238.13438338438255     
  -5.5199999999999996        235.02942111987528     
  -5.5000000000000000        231.95583630776144     
  -5.4799999999999995        228.91339933656013     
  -5.4600000000000000        225.90188167642773     
  -5.4399999999999995        222.92105587669221     
  -5.4199999999999999        219.97069556338985     
  -5.3999999999999995        217.05057543679936     
  -5.3799999999999999        214.16047126897811     
  -5.3600000000000003        211.30015990129650     
  -5.3399999999999999        208.46941924197404     
  -5.3200000000000003        205.66802826361456     
  -5.2999999999999998        202.89576700074070     
  -5.2800000000000002        200.15241654733072     
  -5.2599999999999998        197.43775905435211     
  -5.2400000000000002        194.75157772729838     
  -5.2199999999999998        192.09365682372317     
  -5.2000000000000002        189.46378165077647     
  -5.1799999999999997        186.86173856273922     
  -5.1600000000000001        184.28731495855931     
  -5.1399999999999997        181.74029927938608     
  -5.1200000000000001        179.22048100610647     
  -5.0999999999999996        176.72765065687960     
  -5.0800000000000001        174.26159978467257     
  -5.0599999999999996        171.82212097479538     
  -5.0400000000000000        169.40900784243678     
  -5.0199999999999996        167.02205503019883     
  -5.0000000000000000        164.66105820563294     
  -4.9799999999999995        162.32581405877454     
  -4.9600000000000000        160.01612029967902     
  -4.9399999999999995        157.73177565595626     
  -4.9199999999999999        155.47257987030687     
  -4.8999999999999995        153.23833369805658     
  -4.8799999999999999        151.02883890469235     
  -4.8600000000000003        148.84389826339688     
  -4.8399999999999999        146.68331555258453     
  -4.8200000000000003        144.54689555343660     
  -4.7999999999999998        142.43444404743605     
  -4.7800000000000002        140.34576781390356     
  -4.7599999999999998        138.28067462753228     
  -4.7400000000000002        136.23897325592338     
  -4.7199999999999998        134.22047345712144     
  -4.7000000000000002        132.22498597714952     
  -4.6799999999999997        130.25232254754440     
  -4.6600000000000001        128.30229588289245     
  -4.6399999999999997        126.37471967836420     
  -4.6200000000000001        124.46940860725023     
  -4.5999999999999996        122.58617831849598     
  -4.5800000000000001        120.72484543423754     
  -4.5599999999999996        118.88522754733656     
  -4.5400000000000000        117.06714321891589     
  -4.5199999999999996        115.27041197589445     
  -4.5000000000000000        113.49485430852314     
  -4.4799999999999995        111.74029166791944     
  -4.4600000000000000        110.00654646360340     
  -4.4399999999999995        108.29344206103229     
  -4.4199999999999999        106.60080277913664     
  -4.3999999999999995        104.92845388785472     
  -4.3799999999999999        103.27622160566860     
  -4.3600000000000003        101.64393309713898     
  -4.3399999999999999        100.03141647044050     
  -4.3200000000000003        98.438500774897534     
  -4.2999999999999998        96.865015998518686     
  -4.2800000000000002        95.310793065533034     
  -4.2599999999999998        93.775663833924511     
  -4.2400000000000002        92.259461092968039     
  -4.2199999999999998        90.762018560764091     
  -4.2000000000000002        89.283170881774652     
  -4.1799999999999997        87.822753624357958     
  -4.1600000000000001        86.380603278304335     
  -4.1399999999999997        84.956557252370928     
  -4.1200000000000001        83.550453871817609     
  -4.0999999999999996        82.162132375941752     
  -4.0800000000000001        80.791432915613996     
  -4.0599999999999996        79.438196550813046     
  -4.0400000000000000        78.102265248161530     
  -4.0199999999999996        76.783481878460805     
  -4.0000000000000000        75.481690214226717     
  -3.9799999999999995        74.196734927224384     
  -3.9600000000000000        72.928461586004090     
  -3.9399999999999995        71.676716653436046     
  -3.9199999999999999        70.441347484246222     
  -3.8999999999999995        69.222202322550999     
  -3.8799999999999999        68.019130299393211     
  -3.8599999999999994        66.831981430276812     
  -3.8399999999999999        65.660606612702679     
  -3.8200000000000003        64.504857623703515     
  -3.7999999999999998        63.364587117379322     
  -3.7800000000000002        62.239648622432902     
  -3.7599999999999998        61.129896539704788     
  -3.7400000000000002        60.035186139708884     
  -3.7199999999999998        58.955373560167430     
  -3.7000000000000002        57.890315803546756     
  -3.6799999999999997        56.839870734592040     
  -3.6600000000000001        55.803897077863112     
  -3.6399999999999997        54.782254415269506     
  -3.6200000000000001        53.774803183605783     
  -3.5999999999999996        52.781404672086794     
  -3.5800000000000001        51.801921019883203     
  -3.5599999999999996        50.836215213656502     
  -3.5400000000000000        49.884151085094558     
  -3.5199999999999996        48.945593308446696     
  -3.5000000000000000        48.020407398059277     
  -3.4799999999999995        47.108459705910704     
  -3.4600000000000000        46.209617419146937     
  -3.4399999999999995        45.323748557616710     
  -3.4199999999999999        44.450721971406949     
  -3.3999999999999995        43.590407338377801     
  -3.3799999999999999        42.742675161698301     
  -3.3599999999999994        41.907396767381385     
  -3.3399999999999999        41.084444301819403     
  -3.3200000000000003        40.273690729319270     
  -3.2999999999999998        39.475009829637763     
  -3.2800000000000002        38.688276195517062     
  -3.2599999999999998        37.913365230219739     
  -3.2400000000000002        37.150153145064309     
  -3.2199999999999998        36.398516956960336     
  -3.2000000000000002        35.658334485943975     
  -3.1799999999999997        34.929484352712990     
  -3.1600000000000001        34.211845976162323     
  -3.1399999999999997        33.505299570919206     
  -3.1200000000000001        32.809726144878638     
  -3.0999999999999996        32.125007496738462     
  -3.0800000000000001        31.451026213534966     
  -3.0599999999999996        30.787665668177858     
  -3.0400000000000000        30.134810016985913     
  -3.0199999999999996        29.492344197221918     
  -3.0000000000000000        28.860153924628353     
  -2.9799999999999995        28.238125690962345     
  -2.9600000000000000        27.626146761531238     
  -2.9399999999999995        27.024105172727737     
  -2.9199999999999999        26.431889729565313     
  -2.8999999999999995        25.849390003213404     
  -2.8799999999999999        25.276496328532879     
  -2.8599999999999994        24.713099801611108     
  -2.8399999999999999        24.159092277297560     
  -2.8200000000000003        23.614366366738818     
  -2.7999999999999998        23.078815434914052     
  -2.7800000000000002        22.552333598170353     
  -2.7599999999999998        22.034815721757877     
  -2.7400000000000002        21.526157417365358     
  -2.7199999999999998        21.026255040655176     
  -2.7000000000000002        20.535005688798904     
  -2.6799999999999997        20.052307198012386     
  -2.6600000000000001        19.578058141091280     
  -2.6399999999999997        19.112157824946092     
  -2.6200000000000001        18.654506288137743     
  -2.5999999999999996        18.205004298412682     
  -2.5800000000000001        17.763553350238318     
  -2.5599999999999996        17.330055662338204     
  -2.5400000000000000        16.904414175227490     
  -2.5199999999999996        16.486532548748052     
  -2.5000000000000000        16.076315159603993     
  -2.4799999999999995        15.673667098896750     
  -2.4600000000000000        15.278494169660579     
  -2.4399999999999995        14.890702884397701     
  -2.4199999999999999        14.510200462613756     
  -2.3999999999999995        14.136894828352956     
  -2.3799999999999999        13.770694607733535     
  -2.3599999999999994        13.411509126482942     
  -2.3399999999999999        13.059248407473225     
  -2.3200000000000003        12.713823168256267     
  -2.2999999999999998        12.375144818599139     
  -2.2800000000000002        12.043125458019398     
  -2.2599999999999998        11.717677873320376     
  -2.2400000000000002        11.398715536126506     
  -2.2199999999999998        11.086152600418592     
  -2.2000000000000002        10.779903900069176     
  -2.1799999999999997        10.479884946377739     
  -2.1600000000000001        10.186011925606152     
  -2.1399999999999997        9.8982016965138140     
  -2.1200000000000001        9.6163717878931170     
  -2.0999999999999996        9.3404403961046256     
  -2.0800000000000001        9.0703263826124605     
  -2.0599999999999996        8.8059492715195535     
  -2.0400000000000000        8.5472292471029956     
  -2.0199999999999996        8.2940871513492933     
  -2.0000000000000000        8.0464444814897380     
  -1.9800000000000004        7.8042233875356413     
  -1.9599999999999991        7.5673466698136718     
  -1.9399999999999995        7.3357377765011833     
  -1.9199999999999999        7.1093208011614983     
  -1.9000000000000004        6.8880204802791685     
  -1.8799999999999990        6.6717621907953539     
  -1.8599999999999994        6.4604719476431143     
  -1.8399999999999999        6.2540764012826617     
  -1.8200000000000003        6.0525028352367123     
  -1.8000000000000007        5.8556791636257781     
  -1.7799999999999994        5.6635339287034565     
  -1.7599999999999998        5.4759962983918005     
  -1.7400000000000002        5.2929960638165223     
  -1.7200000000000006        5.1144636368423653     
  -1.6999999999999993        4.9403300476083807     
  -1.6799999999999997        4.7705269420632934     
  -1.6600000000000001        4.6049865795007179     
  -1.6400000000000006        4.4436418300944975     
  -1.6199999999999992        4.2864261724340258     
  -1.5999999999999996        4.1332736910595713     
  -1.5800000000000001        3.9841190739975119     
  -1.5600000000000005        3.8388976102956924     
  -1.5399999999999991        3.6975451875587169     
  -1.5199999999999996        3.5599982894832731     
  -1.5000000000000000        3.4261939933933965     
  -1.4800000000000004        3.2960699677758001     
  -1.4599999999999991        3.1695644698151630     
  -1.4399999999999995        3.0466163429294948     
  -1.4199999999999999        2.9271650143053476     
  -1.4000000000000004        2.8111504924331872     
  -1.3799999999999990        2.6985133646426611     
  -1.3599999999999994        2.5891947946379563     
  -1.3399999999999999        2.4831365200330335     
  -1.3200000000000003        2.3802808498869812     
  -1.2999999999999989        2.2805706622392954     
  -1.2799999999999994        2.1839494016452230     
  -1.2599999999999998        2.0903610767110088     
  -1.2400000000000002        1.9997502576292439     
  -1.2200000000000006        1.9120620737141563     
  -1.1999999999999993        1.8272422109369053     
  -1.1799999999999997        1.7452369094609290     
  -1.1600000000000001        1.6659929611771851     
  -1.1400000000000006        1.5894577072395020     
  -1.1199999999999992        1.5155790355998633     
  -1.0999999999999996        1.4443053785437394     
  -1.0800000000000001        1.3755857102253550     
  -1.0600000000000005        1.3093695442030140     
  -1.0399999999999991        1.2456069309743971     
  -1.0199999999999996        1.1842484555118937     
  -1.0000000000000000        1.1252452347978616     
 -0.98000000000000043        1.0685489153599654     
 -0.95999999999999908        1.0141116708064613     
 -0.93999999999999950       0.96188619936153597     
 -0.91999999999999993       0.91182572140055917     
 -0.90000000000000036       0.86388397698543251     
 -0.87999999999999901       0.81801522339986876     
 -0.85999999999999943       0.77417423268472341     
 -0.83999999999999986       0.73231628917326130     
 -0.82000000000000028       0.69239718702649844     
 -0.79999999999999893       0.65437322776848195     
 -0.77999999999999936       0.61820121782161452     
 -0.75999999999999979       0.58383846604193668     
 -0.74000000000000021       0.55124278125445558     
 -0.72000000000000064       0.52037246978842866     
 -0.69999999999999929       0.49118633301268133     
 -0.67999999999999972       0.46364366487091679     
 -0.66000000000000014       0.43770424941700181     
 -0.64000000000000057       0.41332835835028914     
 -0.61999999999999922       0.39047674855090930     
 -0.59999999999999964       0.36911065961509149     
 -0.58000000000000007       0.34919181139045397     
 -0.56000000000000050       0.33068240151131456     
 -0.53999999999999915       0.31354510293399174     
 -0.51999999999999957       0.29774306147212104     
 -0.50000000000000000       0.28323989333194310     
 -0.48000000000000043       0.26999968264762408     
 -0.45999999999999908       0.25798697901654588     
 -0.43999999999999950       0.24716679503462835     
 -0.41999999999999993       0.23750460383161798     
 -0.40000000000000036       0.22896633660640053     
 -0.37999999999999901       0.22151838016230618     
 -0.35999999999999943       0.21512757444241237     
 -0.33999999999999986       0.20976121006484916     
 -0.32000000000000028       0.20538702585810431     
 -0.29999999999999893       0.20197320639632910     
 -0.27999999999999936       0.19948837953464116     
 -0.25999999999999979       0.19790161394443118     
 -0.24000000000000021       0.19718241664866620     
 -0.22000000000000064       0.19730073055719688     
 -0.19999999999999929       0.19822693200206043     
 -0.17999999999999972       0.19993182827278388     
 -0.16000000000000014       0.20238665515169518     
 -0.14000000000000057       0.20556307444921973     
 -0.11999999999999922       0.20943317153919239     
  -9.9999999999999645E-002  0.21396945289415770     
  -8.0000000000000071E-002  0.21914484362067865     
  -6.0000000000000497E-002  0.22493268499463703     
  -3.9999999999999147E-002  0.23130673199654206     
  -1.9999999999999574E-002  0.23824115084683450     
   0.0000000000000000       0.24571051654118836     
   1.9999999999999574E-002  0.25368981038582172     
   4.0000000000000924E-002  0.26215441753279778     
   6.0000000000000497E-002  0.27108012451532704     
   8.0000000000000071E-002  0.28044311678307876     
   9.9999999999999645E-002  0.29021997623748241     
  0.12000000000000099       0.30038767876703110     
  0.14000000000000057       0.31092359178258833     
  0.16000000000000014       0.32180547175269308     
  0.17999999999999972       0.33301146173886437     
  0.20000000000000107       0.34452008893090585     
  0.22000000000000064       0.35631026218220935     
  0.24000000000000021       0.36836126954506343     
  0.25999999999999979       0.38065277580595414     
  0.27999999999999936       0.39316482002087327     
  0.30000000000000071       0.40587781305062259     
  0.32000000000000028       0.41877253509611395     
  0.33999999999999986       0.43183013323368175     
  0.35999999999999943       0.44503211895038258     
  0.38000000000000078       0.45836036567930505     
  0.40000000000000036       0.47179710633486505     
  0.41999999999999993       0.48532493084812167     
  0.43999999999999950       0.49892678370207688     
  0.46000000000000085       0.51258596146698121     
  0.48000000000000043       0.52628611033563399     
  0.50000000000000000       0.54001122365869847     
  0.51999999999999957       0.55374563947999766     
  0.54000000000000092       0.56747403807182417     
  0.56000000000000050       0.58118143947023893     
  0.58000000000000007       0.59485320101038575     
  0.59999999999999964       0.60847501486178857     
  0.62000000000000099       0.62203290556365909     
  0.64000000000000057       0.63551322756019979     
  0.66000000000000014       0.64890266273591179     
  0.67999999999999972       0.66218821795089766     
  0.70000000000000107       0.67535722257616781     
  0.72000000000000064       0.68839732602894221     
  0.74000000000000021       0.70129649530795946     
  0.75999999999999979       0.71404301252877900     
  0.77999999999999936       0.72662547245908615     
  0.80000000000000071       0.73903278005400008     
  0.82000000000000028       0.75125414799137191     
  0.83999999999999986       0.76327909420709628     
  0.85999999999999943       0.77509743943041409     
  0.88000000000000078       0.78669930471921778     
  0.90000000000000036       0.79807510899535206     
  0.91999999999999993       0.80921556657992466     
  0.93999999999999950       0.82011168472861029     
  0.96000000000000085       0.83075476116695202     
  0.98000000000000043       0.84113638162566684     
   1.0000000000000000       0.85124841737595491     
   1.0199999999999996       0.86108302276479975     
   1.0400000000000009       0.87063263275027625     
   1.0600000000000005       0.87988996043685064     
   1.0800000000000001       0.88884799461069275     
   1.0999999999999996       0.89749999727497509     
   1.1200000000000010       0.90583950118518097     
   1.1400000000000006       0.91386030738440516     
   1.1600000000000001       0.92155648273866497     
   1.1799999999999997       0.92892235747219953     
   1.2000000000000011       0.93595252270277851     
   1.2200000000000006       0.94264182797700447     
   1.2400000000000002       0.94898537880561951     
   1.2599999999999998       0.95497853419880796     
   1.2799999999999994       0.96061690420150436     
   1.3000000000000007       0.96589634742869657     
   1.3200000000000003       0.97081296860072930     
   1.3399999999999999       0.97536311607861137     
   1.3599999999999994       0.97954337939932024     
   1.3800000000000008       0.98335058681110576     
   1.4000000000000004       0.98678180280879502     
   1.4199999999999999       0.98983432566909912     
   1.4399999999999995       0.99250568498591563     
   1.4600000000000009       0.99479363920563579     
   1.4800000000000004       0.99669617316244707     
   1.5000000000000000       0.99821149561363964     
   1.5199999999999996       0.99933803677491173     
   1.5400000000000009        1.0000744458556723     
   1.5600000000000005        1.0004195885943474     
   1.5800000000000001        1.0003725447936862     
   1.5999999999999996       0.99993260585606325     
   1.6200000000000010       0.99909927231878493     
   1.6400000000000006       0.99787225138939439     
   1.6600000000000001       0.99625145448097641     
   1.6799999999999997       0.99423699474746141     
   1.7000000000000011       0.99182918461893066     
   1.7200000000000006       0.98902853333692298     
   1.7400000000000002       0.98583574448973665     
   1.7599999999999998       0.98225171354773633     
   1.7799999999999994       0.97827752539865676     
   1.8000000000000007       0.97391445188290859     
   1.8200000000000003       0.96916394932888394     
   1.8399999999999999       0.96402765608825902     
   1.8599999999999994       0.95850739007130004     
   1.8800000000000008       0.95260514628216941     
   1.9000000000000004       0.94632309435422879     
   1.9199999999999999       0.93966357608534534     
   1.9399999999999995       0.93262910297319490     
   1.9600000000000009       0.92522235375056872     
   1.9800000000000004       0.91744617192067790     
   2.0000000000000000       0.90930356329245743     
   2.0199999999999996       0.90079769351587158     
   2.0400000000000009       0.89193188561721792     
   2.0600000000000005       0.88270961753443611     
   2.0800000000000001       0.87313451965240652     
   2.0999999999999996       0.86321037233825992     
   2.1200000000000010       0.85294110347667940     
   2.1400000000000006       0.84233078600520961     
   2.1600000000000001       0.83138363544955585     
   2.1799999999999997       0.82010400745889300     
   2.2000000000000011       0.80849639534116780     
   2.2200000000000006       0.79656542759840843     
   2.2400000000000002       0.78431586546202303     
   2.2599999999999998       0.77175260042810856     
   2.2800000000000011       0.75888065179275388     
   2.3000000000000007       0.74570516418734878     
   2.3200000000000003       0.73223140511388218     
   2.3399999999999999       0.71846476248025182     
   2.3599999999999994       0.70441074213556776     
   2.3800000000000008       0.69007496540545565     
   2.4000000000000004       0.67546316662736738     
   2.4199999999999999       0.66058119068587851     
   2.4399999999999995       0.64543499054799669     
   2.4600000000000009       0.63003062479846561     
   2.4800000000000004       0.61437425517507505     
   2.5000000000000000       0.59847214410395655     
   2.5199999999999996       0.58233065223489477     
   2.5400000000000009       0.56595623597662947     
   2.5600000000000005       0.54935544503216549     
   2.5800000000000001       0.53253491993406965     
   2.5999999999999996       0.51550138957978153     
   2.6200000000000010       0.49826166876691430     
   2.6400000000000006       0.48082265572856703     
   2.6600000000000001       0.46319132966861964     
   2.6799999999999997       0.44537474829704421     
   2.7000000000000011       0.42738004536520646     
   2.7200000000000006       0.40921442820117737     
   2.7400000000000002       0.39088517524502808     
   2.7599999999999998       0.37239963358414174     
   2.7800000000000011       0.35376521648851433     
   2.8000000000000007       0.33498940094606688     
   2.8200000000000003       0.31607972519794031     
   2.8399999999999999       0.29704378627380645     
   2.8599999999999994       0.27788923752717193     
   2.8800000000000008       0.25862378617068094     
   2.9000000000000004       0.23925519081142685     
   2.9199999999999999       0.21979125898624735     
   2.9399999999999995       0.20023984469703571     
   2.9600000000000009       0.18060884594604240     
   2.9800000000000004       0.16090620227118685     
   3.0000000000000000       0.14113989228135199     
   3.0199999999999996       0.12131793119169618     
   3.0400000000000009       0.10144836835895431     
   3.0600000000000005        8.1539284816749907E-002
   3.0800000000000001        6.1598790810889523E-002
   3.0999999999999996        4.1635023334674524E-002
   3.1200000000000010        2.1656143664202532E-002
   3.1400000000000006        1.6703348936792941E-003
   3.1600000000000001       -1.8314200529286919E-002
   3.1799999999999997       -3.8289243268373449E-002
   3.2000000000000011       -5.8246559563241845E-002
   3.2200000000000006       -7.8177903694225948E-002
   3.2400000000000002       -9.8075020447037600E-002
   3.2599999999999998      -0.11792964757745455     
   3.2800000000000011      -0.13773351827601965     
   3.3000000000000007      -0.15747836363272796     
   3.3200000000000003      -0.17715591510173334     
   3.3399999999999999      -0.19675790696603612     
   3.3599999999999994      -0.21627607880217975     
   3.3800000000000008      -0.23570217794494824     
   3.4000000000000004      -0.25502796195205379     
   3.4199999999999999      -0.27424520106884243     
   3.4399999999999995      -0.29334568069298289     
   3.4600000000000009      -0.31232120383916384     
   3.4800000000000004      -0.33116359360378328     
   3.5000000000000000      -0.34986469562965344     
   3.5199999999999996      -0.36841638057068926     
   3.5400000000000009      -0.38681054655660635     
   3.5600000000000005      -0.40503912165761025     
   3.5800000000000001      -0.42309406634910118     
   3.5999999999999996      -0.44096737597636204     
   3.6200000000000010      -0.45865108321925774     
   3.6400000000000006      -0.47613726055692285     
   3.6600000000000001      -0.49341802273246732     
   3.6799999999999997      -0.51048552921766432     
   3.7000000000000011      -0.52733198667764902     
   3.7200000000000006      -0.54394965143560758     
   3.7400000000000002      -0.56033083193748112     
   3.7599999999999998      -0.57646789121665520     
   3.7800000000000011      -0.59235324935865685     
   3.8000000000000007      -0.60797938596584611     
   3.8200000000000003      -0.62333884262211647     
   3.8399999999999999      -0.63842422535758792     
   3.8599999999999994      -0.65322820711330065     
   3.8800000000000008      -0.66774353020591237     
   3.9000000000000004      -0.68196300879238936     
   3.9199999999999999      -0.69587953133470759     
   3.9399999999999995      -0.70948606306454343     
   3.9600000000000009      -0.72277564844797137     
   3.9800000000000004      -0.73574141365015533     
   4.0000000000000000      -0.74837656900004745     
   4.0199999999999996      -0.76067441145508330     
   4.0400000000000009      -0.77262832706587559     
   4.0600000000000005      -0.78423179344090621     
   4.0800000000000001      -0.79547838221122780     
   4.0999999999999996      -0.80636176149515537     
   4.1200000000000010      -0.81687569836296159     
   4.1400000000000006      -0.82701406130156918     
   4.1600000000000001      -0.83677082267925240     
   4.1799999999999997      -0.84614006121032759     
   4.2000000000000011      -0.85511596441984894     
   4.2200000000000006      -0.86369283110830253     
   4.2400000000000002      -0.87186507381630596     
   4.2599999999999998      -0.87962722128929749     
   4.2800000000000011      -0.88697392094223682     
   4.3000000000000007      -0.89389994132429451     
   4.3200000000000003      -0.90040017458355126     
   4.3399999999999999      -0.90646963893169286     
   4.3599999999999994      -0.91210348110870254     
   4.3800000000000008      -0.91729697884755856     
   4.4000000000000004      -0.92204554333892841     
   4.4199999999999999      -0.92634472169586424     
   4.4399999999999995      -0.93019019941849690     
   4.4600000000000009      -0.93357780285873337     
   4.4800000000000004      -0.93650350168494978     
   4.5000000000000000      -0.93896341134668626     
   4.5199999999999996      -0.94095379553934411     
   4.5400000000000009      -0.94247106866887975     
   4.5600000000000005      -0.94351179831649901     
   4.5800000000000001      -0.94407270770335383     
   4.5999999999999996      -0.94415067815523612     
   4.6200000000000010      -0.94374275156727516     
   4.6400000000000006      -0.94284613286862773     
   4.6600000000000001      -0.94145819248717877     
   4.6799999999999997      -0.93957646881423362     
   4.7000000000000011      -0.93719867066921481     
   4.7200000000000006      -0.93432267976435290     
   4.7400000000000002      -0.93094655316938812     
   4.7599999999999998      -0.92706852577626064     
   4.7800000000000011      -0.92268701276380705     
   4.8000000000000007      -0.91780061206245578     
   4.8200000000000003      -0.91240810681892248     
   4.8399999999999999      -0.90650846786090322     
   4.8599999999999994      -0.90010085616177360     
   4.8800000000000008      -0.89318462530527687     
   4.9000000000000004      -0.88575932395022972     
   4.9199999999999999      -0.87782469829520648     
   4.9399999999999995      -0.86938069454324041     
   4.9600000000000009      -0.86042746136651571     
   4.9800000000000004      -0.85096535237106796     
   5.0000000000000000      -0.84099492856147218     
   5.0199999999999996      -0.83051696080554360     
   5.0400000000000009      -0.81953243229902606     
   5.0600000000000005      -0.80804254103029793     
   5.0800000000000001      -0.79604870224505664     
   5.0999999999999996      -0.78355255091101872     
   5.1200000000000010      -0.77055594418261375     
   5.1400000000000006      -0.75706096386568278     
   5.1600000000000001      -0.74306991888216689     
   5.1799999999999997      -0.72858534773480688     
   5.2000000000000011      -0.71361002097183790     
   5.2200000000000006      -0.69814694365168573     
   5.2400000000000002      -0.68219935780765817     
   5.2599999999999998      -0.66577074491264376     
   5.2800000000000011      -0.64886482834380188     
   5.3000000000000007      -0.63148557584726728     
   5.3200000000000003      -0.61363720200283578     
   5.3399999999999999      -0.59532417068866184     
   5.3599999999999994      -0.57655119754595741     
   5.3800000000000008      -0.55732325244368086     
   5.4000000000000004      -0.53764556194324320     
   5.4199999999999999      -0.51752361176318695     
   5.4399999999999995      -0.49696314924389329     
   5.4600000000000009      -0.47597018581227313     
   5.4800000000000004      -0.45455099944646848     
   5.5000000000000000      -0.43271213714053358     
   5.5199999999999996      -0.41046041736914307     
   5.5400000000000009      -0.38780293255228049     
   5.5600000000000005      -0.36474705151993825     
   5.5800000000000001      -0.34130042197680788     
   5.5999999999999996      -0.31747097296697646     
   5.6200000000000010      -0.29326691733862176     
   5.6400000000000006      -0.26869675420871464     
   5.6600000000000001      -0.24376927142769667     
   5.6799999999999997      -0.21849354804419807     
   5.7000000000000011      -0.19287895676970690     
   5.7200000000000006      -0.16693516644329076     
   5.7400000000000002      -0.14067214449627441     
   5.7599999999999998      -0.11410015941694063     
   5.7800000000000011       -8.7229783215220014E-002
   5.8000000000000007       -6.0071893887397199E-002
   5.8200000000000003       -3.2637677880793969E-002
   5.8399999999999999       -4.9386325584732660E-003
   5.8600000000000012        2.3013431336072365E-002
   5.8800000000000008        5.1206387214217663E-002
   5.9000000000000004        7.9627790177516644E-002
   5.9199999999999999       0.10826487455301148     
   5.9399999999999995       0.13710455142852318     
   5.9600000000000009       0.16613340618796757     
   5.9800000000000004       0.19533769604665441     
   6.0000000000000000       0.22470334758659849     
   6.0199999999999996       0.25421595429182053     
   6.0399999999999991       0.28386077408365162     
   6.0599999999999987       0.31362272685603720     
   6.0800000000000018       0.34348639201085218     
   6.1000000000000014       0.37343600599318050     
   6.1200000000000010       0.40345545982665065     
   6.1400000000000006       0.43352829664872505     
   6.1600000000000001       0.46363770924600445     
   6.1799999999999997       0.49376653758953637     
   6.1999999999999993       0.52389726637011513     
   6.2199999999999989       0.55401202253359472     
   6.2400000000000020       0.58409257281619453     
   6.2600000000000016       0.61412032127977589     
   6.2800000000000011       0.64407630684719841     
   6.3000000000000007       0.67394120083757780     
   6.3200000000000003       0.70369530450161921     
   6.3399999999999999       0.73331854655690698     
   6.3599999999999994       0.76279048072321931     
   6.3799999999999990       0.79209028325782160     
   6.3999999999999986       0.82119675049078644     
   6.4200000000000017       0.85008829636029226     
   6.4400000000000013       0.87874294994790780     
   6.4600000000000009       0.90713835301393519     
   6.4800000000000004       0.93525175753269263     
   6.5000000000000000       0.96306002322781392     
   6.5199999999999996       0.99053961510756849     
   6.5399999999999991        1.0176666010001538     
   6.5599999999999987        1.0444166490890101     
   6.5800000000000018        1.0707650254481242     
   6.6000000000000014        1.0966865915773161     
   6.6200000000000010        1.1221558019375717     
   6.6400000000000006        1.1471467014863324     
   6.6600000000000001        1.1716329232128002     
   6.6799999999999997        1.1955876856732477     
   6.6999999999999993        1.2189837905263179     
   6.7199999999999989        1.2417936200683286     
   6.7400000000000020        1.2639891347685879     
   6.7600000000000016        1.2855418708046802     
   6.7800000000000011        1.3064229375977892     
   6.8000000000000007        1.3266030153479900     
   6.8200000000000003        1.3460523525695667     
   6.8399999999999999        1.3647407636263083     
   6.8599999999999994        1.3826376262668116     
   6.8799999999999990        1.3997118791597920     
   6.8999999999999986        1.4159320194293876     
   6.9200000000000017        1.4312661001904559     
   6.9400000000000013        1.4456817280838976     
   6.9600000000000009        1.4591460608119355     
   6.9800000000000004        1.4716258046734438     
   7.0000000000000000        1.4830872120992407     
   7.0199999999999996        1.4934960791873877     
   7.0399999999999991        1.5028177432385128     
   7.0599999999999987        1.5110170802910972     
   7.0800000000000018        1.5180585026567908     
   7.1000000000000014        1.5239059564557103     
   7.1200000000000010        1.5285229191517420     
   7.1400000000000006        1.5318723970878736     
   7.1600000000000001        1.5339169230214527     
   7.1799999999999997        1.5346185536595343     
   7.1999999999999993        1.5339388671941556     
   7.2199999999999989        1.5318389608376570     
   7.2400000000000020        1.5282794483579920     
   7.2600000000000016        1.5232204576140109     
   7.2800000000000011        1.5166216280907854     
   7.3000000000000007        1.5084421084349096     
   7.3200000000000003        1.4986405539897838     
   7.3399999999999999        1.4871751243309568     
   7.3599999999999994        1.4740034808014038     
   7.3799999999999990        1.4590827840468421     
   7.4000000000000021        1.4423696915510185     
   7.4200000000000017        1.4238203551710491     
   7.4400000000000013        1.4033904186726964     
   7.4600000000000009        1.3810350152656632     
   7.4800000000000004        1.3567087651389365     
   7.5000000000000000        1.3303657729960676     
   7.5199999999999996        1.3019596255904737     
   7.5399999999999991        1.2714433892607389     
   7.5599999999999987        1.2387696074659758     
   7.5800000000000018        1.2038902983210242     
   7.6000000000000014        1.1667569521318626     
   7.6200000000000010        1.1273205289308308     
   7.6400000000000006        1.0855314560120100     
   7.6600000000000001        1.0413396254664491     
   7.6799999999999997       0.99469439171754104     
   7.6999999999999993       0.94554456905627404     
   7.7199999999999989       0.89383842917655798     
   7.7400000000000020       0.83952369871053989     
   7.7600000000000016       0.78254755676389820     
   7.7800000000000011       0.72285663245115117     
   7.8000000000000007       0.66039700243094757     
   7.8200000000000003       0.59511418844137154     
   7.8399999999999999       0.52695315483529015     
   7.8599999999999994       0.45585830611560851     
   7.8799999999999990       0.38177348447057824     
   7.9000000000000021       0.30464196730912008     
   7.9200000000000017       0.22440646479617143     
   7.9400000000000013       0.14100911738789179     
   7.9600000000000009        5.4391493367031529E-002
   7.9800000000000004       -3.5505413621748971E-002
   8.0000000000000000      -0.12874118703663839     
   8.0199999999999996      -0.22537598990328434     
   8.0399999999999991      -0.32547056727958790     
   8.0599999999999987      -0.42908624872029577     
   8.0800000000000018      -0.53628495074178772     
   8.1000000000000014      -0.64712917928667935     
   8.1200000000000010      -0.76168203218862374     
   8.1400000000000006      -0.88000720163688584     
   8.1600000000000001       -1.0021689766411654     
   8.1799999999999997       -1.1282322454961999     
   8.1999999999999993       -1.2582624982464736     
   8.2199999999999989       -1.3923258291509555     
   8.2400000000000020       -1.5304889391477587     
   8.2600000000000016       -1.6728191383187934     
   8.2800000000000011       -1.8193843483546033     
   8.3000000000000007       -1.9702531050188838     
   8.3200000000000003       -2.1254945606133191     
   8.3399999999999999       -2.2851784864421845     
   8.3599999999999994       -2.4493752752771059     
   8.3799999999999990       -2.6181559438216979     
   8.4000000000000021       -2.7915921351763373     
   8.4200000000000017       -2.9697561213027157     
   8.4400000000000013       -3.1527208054887197     
   8.4600000000000009       -3.3405597248129908     
   8.4800000000000004       -3.5333470526096633     
   8.5000000000000000       -3.7311576009330736     
   8.5199999999999996       -3.9340668230224338     
   8.5399999999999991       -4.1421508157665485     
   8.5599999999999987       -4.3554863221684386     
   8.5800000000000018       -4.5741507338102281     
   8.6000000000000014       -4.7982220933174915     
   8.6200000000000010       -5.0277790968243607     
   8.6400000000000006       -5.2629010964379148     
   8.6600000000000001       -5.5036681027030028     
   8.6799999999999997       -5.7501607870669673     
   8.6999999999999993       -6.0024604843441836     
   8.7199999999999989       -6.2606491951809815     
   8.7400000000000020       -6.5248095885201778     
   8.7600000000000016       -6.7950250040657281     
   8.7800000000000011       -7.0713794547476212     
   8.8000000000000007       -7.3539576291863895     
   8.8200000000000003       -7.6428448941579390     
   8.8399999999999999       -7.9381272970581307     
   8.8599999999999994       -8.2398915683675327     
   8.8799999999999990       -8.5482251241161293     
   8.9000000000000021       -8.8632160683480308     
   8.9200000000000017       -9.1849531955859547     
   8.9400000000000013       -9.5135259932963052     
   8.9600000000000009       -9.8490246443535838     
   8.9800000000000004       -10.191540029505141     
   9.0000000000000000       -10.541163729835958     
   9.0199999999999996       -10.897988029233176     
   9.0399999999999991       -11.262105916850984     
   9.0599999999999987       -11.633611089575197     
   9.0800000000000018       -12.012597954488015     
   9.1000000000000014       -12.399161631332490     
   9.1200000000000010       -12.793397954977621     
   9.1400000000000006       -13.195403477882792     
   9.1600000000000001       -13.605275472562468     
   9.1799999999999997       -14.023111934050959     
   9.1999999999999993       -14.449011582367106     
   9.2199999999999989       -14.883073864978968     
   9.2400000000000020       -15.325398959268497     
   9.2600000000000016       -15.776087774996142     
   9.2800000000000011       -16.235241956765833     
   9.3000000000000007       -16.702963886489357     
   9.3200000000000003       -17.179356685851289     
   9.3399999999999999       -17.664524218773494     
   9.3599999999999994       -18.158571093879985     
   9.3799999999999990       -18.661602666961528     
   9.4000000000000021       -19.173725043440399     
   9.4200000000000017       -19.695045080834859     
   9.4400000000000013       -20.225670391224199     
   9.4600000000000009       -20.765709343713269     
   9.4800000000000004       -21.315271066897054     
   9.5000000000000000       -21.874465451325605     
   9.5199999999999996       -22.443403151968525     
   9.5399999999999991       -23.022195590679786     
   9.5599999999999987       -23.610954958662376     
   9.5800000000000018       -24.209794218933155     
   9.6000000000000014       -24.818827108786977     
   9.6200000000000010       -25.438168142262285     
   9.6400000000000006       -26.067932612605077     
   9.6600000000000001       -26.708236594733933     
   9.6799999999999997       -27.359196947704660     
   9.6999999999999993       -28.020931317174814     
   9.7199999999999989       -28.693558137868777     
   9.7400000000000020       -29.377196636042129     
   9.7600000000000016       -30.071966831946156     
   9.7800000000000011       -30.777989542293170     
   9.8000000000000007       -31.495386382720724     
   9.8200000000000003       -32.224279770256445     
   9.8399999999999999       -32.964792925782731     
   9.8599999999999994       -33.717049876501420     
   9.8799999999999990       -34.481175458398496     
   9.9000000000000021       -35.257295318708955     
   9.9200000000000017       -36.045535918380892     
   9.9400000000000013       -36.846024534541073     
   9.9600000000000009       -37.658889262958994     
   9.9800000000000004       -38.484259020511871     
