  -10.000000000000000        10.612765669389834     
  -9.9800000000000004        10.596742799749377     
  -9.9600000000000009        10.580719930108920     
  -9.9399999999999995        10.564697060468461     
  -9.9199999999999999        10.548674190828004     
  -9.9000000000000004        10.532651321187547     
  -9.8800000000000008        10.516628451547090     
  -9.8599999999999994        10.500605581906632     
  -9.8399999999999999        10.484582712266175     
  -9.8200000000000003        10.468559842625718     
  -9.8000000000000007        10.452536972985261     
  -9.7799999999999994        10.436514103344802     
  -9.7599999999999998        10.420491233704345     
  -9.7400000000000002        10.404468364063888     
  -9.7200000000000006        10.388445494423431     
  -9.6999999999999993        10.372422624782972     
  -9.6799999999999997        10.356399755142515     
  -9.6600000000000001        10.340376885502058     
  -9.6400000000000006        10.324354015861601     
  -9.6199999999999992        10.308331146221143     
  -9.5999999999999996        10.292308276580686     
  -9.5800000000000001        10.276285406940229     
  -9.5600000000000005        10.260262537299772     
  -9.5399999999999991        10.244239667659313     
  -9.5199999999999996        10.228216798018856     
  -9.5000000000000000        10.212193928378399     
  -9.4800000000000004        10.196171058737942     
  -9.4600000000000009        10.180148189097485     
  -9.4399999999999995        10.164125319457026     
  -9.4199999999999999        10.148102449816570     
  -9.4000000000000004        10.132079580176113     
  -9.3800000000000008        10.116056710535656     
  -9.3599999999999994        10.100033840895197     
  -9.3399999999999999        10.084010971254740     
  -9.3200000000000003        10.067988101614283     
  -9.3000000000000007        10.051965231973826     
  -9.2799999999999994        10.035942362333367     
  -9.2599999999999998        10.019919492692910     
  -9.2400000000000002        10.003896623052453     
  -9.2200000000000006        9.9878737534119963     
  -9.1999999999999993        9.9718508837715376     
  -9.1799999999999997        9.9558280141310806     
  -9.1600000000000001        9.9398051444906237     
  -9.1400000000000006        9.9237822748501667     
  -9.1199999999999992        9.9077594052097080     
  -9.0999999999999996        9.8917365355692510     
  -9.0800000000000001        9.8757136659287941     
  -9.0600000000000005        9.8596907962883371     
  -9.0399999999999991        9.8436679266478784     
  -9.0199999999999996        9.8276450570074214     
  -9.0000000000000000        9.8116221873669645     
  -8.9800000000000004        9.7955993177265075     
  -8.9600000000000009        9.7795764480860505     
  -8.9399999999999995        9.7635535784455918     
  -8.9199999999999999        9.7475307088051348     
  -8.9000000000000004        9.7315078391646779     
  -8.8799999999999990        9.7154849695242191     
  -8.8599999999999994        9.6994620998837622     
  -8.8399999999999999        9.6834392302433052     
  -8.8200000000000003        9.6674163606028483     
  -8.8000000000000007        9.6513934909623913     
  -8.7799999999999994        9.6353706213219326     
  -8.7599999999999998        9.6193477516814756     
  -8.7400000000000002        9.6033248820410186     
  -8.7200000000000006        9.5873020124005617     
  -8.6999999999999993        9.5712791427601029     
  -8.6799999999999997        9.5552562731196460     
  -8.6600000000000001        9.5392334034791890     
  -8.6400000000000006        9.5232105338387321     
  -8.6199999999999992        9.5071876641982733     
  -8.5999999999999996        9.4911647945578164     
  -8.5800000000000001        9.4751419249173594     
  -8.5600000000000005        9.4591190552769007     
  -8.5399999999999991        9.4430961856364437     
  -8.5199999999999996        9.4270733159959867     
  -8.5000000000000000        9.4110504463555298     
  -8.4800000000000004        9.3950275767150710     
  -8.4600000000000009        9.3790047070746141     
  -8.4399999999999995        9.3629818374341571     
  -8.4199999999999999        9.3469589677936984     
  -8.4000000000000004        9.3309360981532414     
  -8.3799999999999990        9.3149132285127845     
  -8.3599999999999994        9.2988903588723257     
  -8.3399999999999999        9.2828674892318688     
  -8.3200000000000003        9.2668446195914118     
  -8.3000000000000007        9.2508217499509549     
  -8.2799999999999994        9.2347988803104961     
  -8.2599999999999998        9.2187760106700392     
  -8.2400000000000002        9.2027531410295822     
  -8.2200000000000006        9.1867302713891252     
  -8.1999999999999993        9.1707074017486665     
  -8.1799999999999997        9.1546845321082095     
  -8.1600000000000001        9.1386616624677526     
  -8.1400000000000006        9.1226387928272956     
  -8.1199999999999992        9.1066159231868369     
  -8.0999999999999996        9.0905930535463799     
  -8.0800000000000001        9.0745701839059230     
  -8.0600000000000005        9.0585473142654660     
  -8.0399999999999991        9.0425244446250073     
  -8.0199999999999996        9.0265015749845503     
  -8.0000000000000000        9.0104787053440933     
  -7.9800000000000004        8.9944558357036364     
  -7.9600000000000000        8.9784329660631794     
  -7.9399999999999995        8.9624100964227207     
  -7.9199999999999999        8.9463872267822637     
  -7.9000000000000004        8.9303643571418068     
  -7.8799999999999999        8.9143414875013480     
  -7.8599999999999994        8.8983186178608911     
  -7.8399999999999999        8.8822957482204341     
  -7.8200000000000003        8.8662728785799771     
  -7.7999999999999998        8.8502500089395202     
  -7.7799999999999994        8.8342271392990614     
  -7.7599999999999998        8.8182042696586045     
  -7.7400000000000002        8.8021814000181475     
  -7.7199999999999998        8.7861585303776888     
  -7.6999999999999993        8.7701356607372318     
  -7.6799999999999997        8.7541127910967749     
  -7.6600000000000001        8.7380899214563179     
  -7.6400000000000006        8.7220670518158609     
  -7.6200000000000001        8.7060441821754040     
  -7.5999999999999996        8.6900213125349453     
  -7.5800000000000001        8.6739984428944883     
  -7.5600000000000005        8.6579755732540313     
  -7.5400000000000000        8.6419527036135726     
  -7.5199999999999996        8.6259298339731156     
  -7.5000000000000000        8.6099069643326587     
  -7.4800000000000004        8.5938840946922017     
  -7.4600000000000000        8.5778612250517448     
  -7.4399999999999995        8.5618383554112860     
  -7.4199999999999999        8.5458154857708291     
  -7.4000000000000004        8.5297926161303721     
  -7.3799999999999999        8.5137697464899134     
  -7.3599999999999994        8.4977468768494564     
  -7.3399999999999999        8.4817240072089994     
  -7.3200000000000003        8.4657011375685425     
  -7.2999999999999998        8.4496782679280855     
  -7.2799999999999994        8.4336553982876268     
  -7.2599999999999998        8.4176325286471698     
  -7.2400000000000002        8.4016096590067129     
  -7.2199999999999998        8.3855867893662541     
  -7.1999999999999993        8.3695639197257972     
  -7.1799999999999997        8.3535410500853402     
  -7.1600000000000001        8.3375181804448832     
  -7.1400000000000006        8.3214953108044263     
  -7.1200000000000001        8.3054724411639693     
  -7.0999999999999996        8.2894495715235106     
  -7.0800000000000001        8.2734267018830536     
  -7.0600000000000005        8.2574038322425967     
  -7.0400000000000000        8.2413809626021379     
  -7.0199999999999996        8.2253580929616810     
  -7.0000000000000000        8.2093352233212240     
  -6.9800000000000004        8.1933123536807670     
  -6.9600000000000000        8.1772894840403101     
  -6.9399999999999995        8.1612666143998513     
  -6.9199999999999999        8.1452437447593944     
  -6.9000000000000004        8.1292208751189374     
  -6.8799999999999999        8.1131980054784787     
  -6.8599999999999994        8.0971751358380217     
  -6.8399999999999999        8.0811522661975648     
  -6.8200000000000003        8.0651293965571078     
  -6.7999999999999998        8.0491065269166509     
  -6.7799999999999994        8.0330836572761921     
  -6.7599999999999998        8.0170607876357352     
  -6.7400000000000002        8.0010379179952782     
  -6.7199999999999998        7.9850150483548186     
  -6.6999999999999993        7.9689921787143616     
  -6.6799999999999997        7.9529693090739046     
  -6.6600000000000001        7.9369464394334477     
  -6.6400000000000006        7.9209235697929907     
  -6.6200000000000001        7.9049007001525338     
  -6.5999999999999996        7.8888778305120750     
  -6.5800000000000001        7.8728549608716181     
  -6.5600000000000005        7.8568320912311611     
  -6.5400000000000000        7.8408092215907024     
  -6.5199999999999996        7.8247863519502454     
  -6.5000000000000000        7.8087634823097885     
  -6.4800000000000004        7.7927406126693315     
  -6.4600000000000000        7.7767177430288745     
  -6.4399999999999995        7.7606948733884158     
  -6.4199999999999999        7.7446720037479588     
  -6.4000000000000004        7.7286491341075019     
  -6.3799999999999999        7.7126262644670431     
  -6.3599999999999994        7.6966033948265862     
  -6.3399999999999999        7.6805805251861292     
  -6.3200000000000003        7.6645576555456723     
  -6.2999999999999998        7.6485347859052153     
  -6.2799999999999994        7.6325119162647566     
  -6.2599999999999998        7.6164890466242996     
  -6.2400000000000002        7.6004661769838426     
  -6.2199999999999998        7.5844433073433839     
  -6.1999999999999993        7.5684204377029269     
  -6.1799999999999997        7.5523975680624700     
  -6.1600000000000001        7.5363746984220130     
  -6.1400000000000006        7.5203518287815561     
  -6.1200000000000001        7.5043289591410982     
  -6.0999999999999996        7.4883060895006404     
  -6.0800000000000001        7.4722832198601834     
  -6.0600000000000005        7.4562603502197256     
  -6.0400000000000000        7.4402374805792677     
  -6.0199999999999996        7.4242146109388107     
  -6.0000000000000000        7.4081917412983529     
  -5.9799999999999995        7.3921688716578959     
  -5.9600000000000000        7.3761460020174390     
  -5.9399999999999995        7.3601231323769811     
  -5.9199999999999999        7.3441002627365233     
  -5.9000000000000004        7.3280773930960663     
  -5.8799999999999999        7.3120545234556085     
  -5.8600000000000003        7.2960316538151506     
  -5.8399999999999999        7.2800087841746937     
  -5.8200000000000003        7.2639859145342367     
  -5.7999999999999998        7.2479630448937797     
  -5.7800000000000002        7.2319401752533228     
  -5.7599999999999998        7.2159173056128640     
  -5.7400000000000002        7.1998944359724071     
  -5.7199999999999998        7.1838715663319483     
  -5.7000000000000002        7.1678486966914914     
  -5.6799999999999997        7.1518258270510344     
  -5.6600000000000001        7.1358029574105775     
  -5.6399999999999997        7.1197800877701205     
  -5.6200000000000001        7.1037572181296635     
  -5.5999999999999996        7.0877343484892048     
  -5.5800000000000001        7.0717114788487478     
  -5.5599999999999996        7.0556886092082891     
  -5.5400000000000000        7.0396657395678321     
  -5.5199999999999996        7.0236428699273752     
  -5.5000000000000000        7.0076200002869182     
  -5.4799999999999995        6.9915971306464604     
  -5.4600000000000000        6.9755742610060034     
  -5.4399999999999995        6.9595513913655456     
  -5.4199999999999999        6.9435285217250886     
  -5.3999999999999995        6.9275056520846308     
  -5.3799999999999999        6.9114827824441738     
  -5.3600000000000003        6.8954599128037168     
  -5.3399999999999999        6.8794370431632590     
  -5.3200000000000003        6.8634141735228020     
  -5.2999999999999998        6.8473913038823442     
  -5.2800000000000002        6.8313684342418872     
  -5.2599999999999998        6.8153455646014294     
  -5.2400000000000002        6.7993226949609724     
  -5.2199999999999998        6.7832998253205146     
  -5.2000000000000002        6.7672769556800576     
  -5.1799999999999997        6.7512540860395998     
  -5.1600000000000001        6.7352312163991428     
  -5.1399999999999997        6.7192083467586849     
  -5.1200000000000001        6.7031854771182280     
  -5.0999999999999996        6.6871626074777701     
  -5.0800000000000001        6.6711397378373132     
  -5.0599999999999996        6.6551168681968553     
  -5.0400000000000000        6.6390939985563984     
  -5.0199999999999996        6.6230711289159405     
  -5.0000000000000000        6.6070482592754836     
  -4.9799999999999995        6.5910253896350257     
  -4.9600000000000000        6.5750025199945679     
  -4.9399999999999995        6.5589796503541109     
  -4.9199999999999999        6.5429567807136531     
  -4.8999999999999995        6.5269339110731961     
  -4.8799999999999999        6.5109110414327382     
  -4.8600000000000003        6.4948881717922813     
  -4.8399999999999999        6.4788653021518234     
  -4.8200000000000003        6.4628424325113665     
  -4.7999999999999998        6.4468195628709086     
  -4.7800000000000002        6.4307966932304517     
  -4.7599999999999998        6.4147738235899938     
  -4.7400000000000002        6.3987509539495369     
  -4.7199999999999998        6.3827280843090790     
  -4.7000000000000002        6.3667052146686220     
  -4.6799999999999997        6.3506823450281642     
  -4.6600000000000001        6.3346594753877072     
  -4.6399999999999997        6.3186366057472494     
  -4.6200000000000001        6.3026137361067924     
  -4.5999999999999996        6.2865908664663346     
  -4.5800000000000001        6.2705679968258776     
  -4.5599999999999996        6.2545451271854198     
  -4.5400000000000000        6.2385222575449628     
  -4.5199999999999996        6.2224993879045050     
  -4.5000000000000000        6.2064765182640480     
  -4.4799999999999995        6.1904536486235902     
  -4.4600000000000000        6.1744307789831332     
  -4.4399999999999995        6.1584079093426753     
  -4.4199999999999999        6.1423850397022184     
  -4.3999999999999995        6.1263621700617605     
  -4.3799999999999999        6.1103393004213036     
  -4.3600000000000003        6.0943164307808466     
  -4.3399999999999999        6.0782935611403888     
  -4.3200000000000003        6.0622706914999318     
  -4.2999999999999998        6.0462478218594740     
  -4.2800000000000002        6.0302249522190170     
  -4.2599999999999998        6.0142020825785591     
  -4.2400000000000002        5.9981792129381022     
  -4.2199999999999998        5.9821563432976443     
  -4.2000000000000002        5.9661334736571874     
  -4.1799999999999997        5.9501106040167295     
  -4.1600000000000001        5.9340877343762726     
  -4.1399999999999997        5.9180648647358147     
  -4.1200000000000001        5.9020419950953578     
  -4.0999999999999996        5.8860191254548999     
  -4.0800000000000001        5.8699962558144430     
  -4.0599999999999996        5.8539733861739851     
  -4.0400000000000000        5.8379505165335281     
  -4.0199999999999996        5.8219276468930703     
  -4.0000000000000000        5.8059047772526124     
  -3.9799999999999995        5.7898819076121555     
  -3.9600000000000000        5.7738590379716976     
  -3.9399999999999995        5.7578361683312407     
  -3.9199999999999999        5.7418132986907828     
  -3.8999999999999995        5.7257904290503259     
  -3.8799999999999999        5.7097675594098680     
  -3.8599999999999994        5.6937446897694102     
  -3.8399999999999999        5.6777218201289532     
  -3.8200000000000003        5.6616989504884963     
  -3.7999999999999998        5.6456760808480384     
  -3.7800000000000002        5.6296532112075814     
  -3.7599999999999998        5.6136303415671236     
  -3.7400000000000002        5.5976074719266666     
  -3.7199999999999998        5.5815846022862088     
  -3.7000000000000002        5.5655617326457518     
  -3.6799999999999997        5.5495388630052940     
  -3.6600000000000001        5.5335159933648370     
  -3.6399999999999997        5.5174931237243792     
  -3.6200000000000001        5.5014702540839222     
  -3.5999999999999996        5.4854473844434644     
  -3.5800000000000001        5.4694245148030074     
  -3.5599999999999996        5.4534016451625495     
  -3.5400000000000000        5.4373787755220926     
  -3.5199999999999996        5.4213559058816347     
  -3.5000000000000000        5.4053330362411778     
  -3.4799999999999995        5.3893101666007199     
  -3.4600000000000000        5.3732872969602630     
  -3.4399999999999995        5.3572644273198051     
  -3.4199999999999999        5.3412415576793482     
  -3.3999999999999995        5.3252186880388903     
  -3.3799999999999999        5.3091958183984334     
  -3.3599999999999994        5.2931729487579755     
  -3.3399999999999999        5.2771500791175185     
  -3.3200000000000003        5.2611272094770616     
  -3.2999999999999998        5.2451043398366037     
  -3.2800000000000002        5.2290814701961468     
  -3.2599999999999998        5.2130586005556889     
  -3.2400000000000002        5.1970357309152320     
  -3.2199999999999998        5.1810128612747741     
  -3.2000000000000002        5.1649899916343172     
  -3.1799999999999997        5.1489671219938593     
  -3.1600000000000001        5.1329442523534023     
  -3.1399999999999997        5.1169213827129445     
  -3.1200000000000001        5.1008985130724875     
  -3.0999999999999996        5.0848756434320297     
  -3.0800000000000001        5.0688527737915727     
  -3.0599999999999996        5.0528299041511149     
  -3.0400000000000000        5.0368070345106579     
  -3.0199999999999996        5.0207841648702001     
  -3.0000000000000000        5.0047612952297431     
  -2.9799999999999995        4.9887384255892853     
  -2.9600000000000000        4.9727155559488274     
  -2.9399999999999995        4.9566926863083705     
  -2.9199999999999999        4.9406698166679126     
  -2.8999999999999995        4.9246469470274556     
  -2.8799999999999999        4.9086240773869978     
  -2.8599999999999994        4.8926012077465399     
  -2.8399999999999999        4.8765783381060830     
  -2.8200000000000003        4.8605554684656260     
  -2.7999999999999998        4.8445325988251682     
  -2.7800000000000002        4.8285097291847112     
  -2.7599999999999998        4.8124868595442534     
  -2.7400000000000002        4.7964639899037964     
  -2.7199999999999998        4.7804411202633386     
  -2.7000000000000002        4.7644182506228816     
  -2.6799999999999997        4.7483953809824238     
  -2.6600000000000001        4.7323725113419668     
  -2.6399999999999997        4.7163496417015089     
  -2.6200000000000001        4.7003267720610520     
  -2.5999999999999996        4.6843039024205941     
  -2.5800000000000001        4.6682810327801372     
  -2.5599999999999996        4.6522581631396793     
  -2.5400000000000000        4.6362352934992224     
  -2.5199999999999996        4.6202124238587645     
  -2.5000000000000000        4.6041895542183076     
  -2.4799999999999995        4.5881666845778497     
  -2.4600000000000000        4.5721438149373927     
  -2.4399999999999995        4.5561209452969349     
  -2.4199999999999999        4.5400980756564779     
  -2.3999999999999995        4.5240752060160201     
  -2.3799999999999999        4.5080523363755631     
  -2.3599999999999994        4.4920294667351053     
  -2.3399999999999999        4.4760065970946483     
  -2.3200000000000003        4.4599837274541914     
  -2.2999999999999998        4.4439608578137335     
  -2.2800000000000002        4.4279379881732766     
  -2.2599999999999998        4.4119151185328187     
  -2.2400000000000002        4.3958922488923617     
  -2.2199999999999998        4.3798693792519039     
  -2.2000000000000002        4.3638465096114469     
  -2.1799999999999997        4.3478236399709891     
  -2.1600000000000001        4.3318007703305321     
  -2.1399999999999997        4.3157779006900743     
  -2.1200000000000001        4.2997550310496173     
  -2.0999999999999996        4.2837321614091595     
  -2.0800000000000001        4.2677092917687025     
  -2.0599999999999996        4.2516864221282447     
  -2.0400000000000000        4.2356635524877877     
  -2.0199999999999996        4.2196406828473298     
  -2.0000000000000000        4.2036178132068729     
  -1.9800000000000004        4.1875949435664159     
  -1.9599999999999991        4.1715720739259572     
  -1.9399999999999995        4.1555492042855002     
  -1.9199999999999999        4.1395263346450433     
  -1.9000000000000004        4.1235034650045863     
  -1.8799999999999990        4.1074805953641276     
  -1.8599999999999994        4.0914577257236706     
  -1.8399999999999999        4.0754348560832137     
  -1.8200000000000003        4.0594119864427567     
  -1.8000000000000007        4.0433891168022988     
  -1.7799999999999994        4.0273662471618410     
  -1.7599999999999998        4.0113433775213840     
  -1.7400000000000002        3.9953205078809262     
  -1.7200000000000006        3.9792976382404692     
  -1.6999999999999993        3.9632747686000109     
  -1.6799999999999997        3.9472518989595535     
  -1.6600000000000001        3.9312290293190966     
  -1.6400000000000006        3.9152061596786396     
  -1.6199999999999992        3.8991832900381813     
  -1.5999999999999996        3.8831604203977239     
  -1.5800000000000001        3.8671375507572670     
  -1.5600000000000005        3.8511146811168100     
  -1.5399999999999991        3.8350918114763513     
  -1.5199999999999996        3.8190689418358943     
  -1.5000000000000000        3.8030460721954373     
  -1.4800000000000004        3.7870232025549804     
  -1.4599999999999991        3.7710003329145216     
  -1.4399999999999995        3.7549774632740647     
  -1.4199999999999999        3.7389545936336077     
  -1.4000000000000004        3.7229317239931508     
  -1.3799999999999990        3.7069088543526920     
  -1.3599999999999994        3.6908859847122351     
  -1.3399999999999999        3.6748631150717781     
  -1.3200000000000003        3.6588402454313211     
  -1.2999999999999989        3.6428173757908624     
  -1.2799999999999994        3.6267945061504054     
  -1.2599999999999998        3.6107716365099485     
  -1.2400000000000002        3.5947487668694911     
  -1.2200000000000006        3.5787258972290341     
  -1.1999999999999993        3.5627030275885758     
  -1.1799999999999997        3.5466801579481184     
  -1.1600000000000001        3.5306572883076615     
  -1.1400000000000006        3.5146344186672045     
  -1.1199999999999992        3.4986115490267462     
  -1.0999999999999996        3.4825886793862888     
  -1.0800000000000001        3.4665658097458318     
  -1.0600000000000005        3.4505429401053749     
  -1.0399999999999991        3.4345200704649161     
  -1.0199999999999996        3.4184972008244592     
  -1.0000000000000000        3.4024743311840022     
 -0.98000000000000043        3.3864514615435453     
 -0.95999999999999908        3.3704285919030865     
 -0.93999999999999950        3.3544057222626296     
 -0.91999999999999993        3.3383828526221726     
 -0.90000000000000036        3.3223599829817156     
 -0.87999999999999901        3.3063371133412569     
 -0.85999999999999943        3.2903142437007999     
 -0.83999999999999986        3.2742913740603430     
 -0.82000000000000028        3.2582685044198860     
 -0.79999999999999893        3.2422456347794273     
 -0.77999999999999936        3.2262227651389703     
 -0.75999999999999979        3.2101998954985134     
 -0.74000000000000021        3.1941770258580560     
 -0.72000000000000064        3.1781541562175990     
 -0.69999999999999929        3.1621312865771407     
 -0.67999999999999972        3.1461084169366833     
 -0.66000000000000014        3.1300855472962263     
 -0.64000000000000057        3.1140626776557694     
 -0.61999999999999922        3.0980398080153111     
 -0.59999999999999964        3.0820169383748537     
 -0.58000000000000007        3.0659940687343967     
 -0.56000000000000050        3.0499711990939398     
 -0.53999999999999915        3.0339483294534810     
 -0.51999999999999957        3.0179254598130241     
 -0.50000000000000000        3.0019025901725671     
 -0.48000000000000043        2.9858797205321101     
 -0.45999999999999908        2.9698568508916514     
 -0.43999999999999950        2.9538339812511945     
 -0.41999999999999993        2.9378111116107375     
 -0.40000000000000036        2.9217882419702805     
 -0.37999999999999901        2.9057653723298218     
 -0.35999999999999943        2.8897425026893648     
 -0.33999999999999986        2.8737196330489079     
 -0.32000000000000028        2.8576967634084509     
 -0.29999999999999893        2.8416738937679922     
 -0.27999999999999936        2.8256510241275352     
 -0.25999999999999979        2.8096281544870783     
 -0.24000000000000021        2.7936052848466209     
 -0.22000000000000064        2.7775824152061639     
 -0.19999999999999929        2.7615595455657056     
 -0.17999999999999972        2.7455366759252482     
 -0.16000000000000014        2.7295138062847912     
 -0.14000000000000057        2.7134909366443343     
 -0.11999999999999922        2.6974680670038760     
  -9.9999999999999645E-002   2.6814451973634186     
  -8.0000000000000071E-002   2.6654223277229616     
  -6.0000000000000497E-002   2.6493994580825047     
  -3.9999999999999147E-002   2.6333765884420459     
  -1.9999999999999574E-002   2.6173537188015890     
   0.0000000000000000        2.6013308491611320     
   1.9999999999999574E-002   2.5853079795206750     
   4.0000000000000924E-002   2.5692851098802167     
   6.0000000000000497E-002   2.5532622402397593     
   8.0000000000000071E-002   2.5372393705993024     
   9.9999999999999645E-002   2.5212165009588454     
  0.12000000000000099        2.5051936313183867     
  0.14000000000000057        2.4891707616779297     
  0.16000000000000014        2.4731478920374728     
  0.17999999999999972        2.4571250223970158     
  0.20000000000000107        2.4411021527565571     
  0.22000000000000064        2.4250792831161001     
  0.24000000000000021        2.4090564134756431     
  0.25999999999999979        2.3930335438351862     
  0.27999999999999936        2.3770106741947288     
  0.30000000000000071        2.3609878045542705     
  0.32000000000000028        2.3449649349138135     
  0.33999999999999986        2.3289420652733566     
  0.35999999999999943        2.3129191956328992     
  0.38000000000000078        2.2968963259924409     
  0.40000000000000036        2.2808734563519839     
  0.41999999999999993        2.2648505867115265     
  0.43999999999999950        2.2488277170710695     
  0.46000000000000085        2.2328048474306113     
  0.48000000000000043        2.2167819777901538     
  0.50000000000000000        2.2007591081496969     
  0.51999999999999957        2.1847362385092399     
  0.54000000000000092        2.1687133688687816     
  0.56000000000000050        2.1526904992283242     
  0.58000000000000007        2.1366676295878673     
  0.59999999999999964        2.1206447599474103     
  0.62000000000000099        2.1046218903069516     
  0.64000000000000057        2.0885990206664946     
  0.66000000000000014        2.0725761510260376     
  0.67999999999999972        2.0565532813855807     
  0.70000000000000107        2.0405304117451220     
  0.72000000000000064        2.0245075421046650     
  0.74000000000000021        2.0084846724642080     
  0.75999999999999979        1.9924618028237511     
  0.77999999999999936        1.9764389331832937     
  0.80000000000000071        1.9604160635428354     
  0.82000000000000028        1.9443931939023784     
  0.83999999999999986        1.9283703242619215     
  0.85999999999999943        1.9123474546214640     
  0.88000000000000078        1.8963245849810058     
  0.90000000000000036        1.8803017153405488     
  0.91999999999999993        1.8642788457000914     
  0.93999999999999950        1.8482559760596344     
  0.96000000000000085        1.8322331064191761     
  0.98000000000000043        1.8162102367787187     
   1.0000000000000000        1.8001873671382618     
   1.0199999999999996        1.7841644974978048     
   1.0400000000000009        1.7681416278573465     
   1.0600000000000005        1.7521187582168891     
   1.0800000000000001        1.7360958885764322     
   1.0999999999999996        1.7200730189359752     
   1.1200000000000010        1.7040501492955165     
   1.1400000000000006        1.6880272796550595     
   1.1600000000000001        1.6720044100146025     
   1.1799999999999997        1.6559815403741456     
   1.2000000000000011        1.6399586707336868     
   1.2200000000000006        1.6239358010932299     
   1.2400000000000002        1.6079129314527729     
   1.2599999999999998        1.5918900618123160     
   1.2799999999999994        1.5758671921718588     
   1.3000000000000007        1.5598443225314003     
   1.3200000000000003        1.5438214528909433     
   1.3399999999999999        1.5277985832504861     
   1.3599999999999994        1.5117757136100289     
   1.3800000000000008        1.4957528439695706     
   1.4000000000000004        1.4797299743291135     
   1.4199999999999999        1.4637071046886565     
   1.4399999999999995        1.4476842350481993     
   1.4600000000000009        1.4316613654077410     
   1.4800000000000004        1.4156384957672838     
   1.5000000000000000        1.3996156261268267     
   1.5199999999999996        1.3835927564863697     
   1.5400000000000009        1.3675698868459112     
   1.5600000000000005        1.3515470172054540     
   1.5800000000000001        1.3355241475649970     
   1.5999999999999996        1.3195012779245401     
   1.6200000000000010        1.3034784082840816     
   1.6400000000000006        1.2874555386436244     
   1.6600000000000001        1.2714326690031674     
   1.6799999999999997        1.2554097993627105     
   1.7000000000000011        1.2393869297222517     
   1.7200000000000006        1.2233640600817948     
   1.7400000000000002        1.2073411904413378     
   1.7599999999999998        1.1913183208008808     
   1.7799999999999994        1.1752954511604237     
   1.8000000000000007        1.1592725815199652     
   1.8200000000000003        1.1432497118795082     
   1.8399999999999999        1.1272268422390510     
   1.8599999999999994        1.1112039725985938     
   1.8800000000000008        1.0951811029581355     
   1.9000000000000004        1.0791582333176784     
   1.9199999999999999        1.0631353636772214     
   1.9399999999999995        1.0471124940367642     
   1.9600000000000009        1.0310896243963059     
   1.9800000000000004        1.0150667547558487     
   2.0000000000000000       0.99904388511539166     
   2.0199999999999996       0.98302101547493459     
   2.0400000000000009       0.96699814583447607     
   2.0600000000000005       0.95097527619401911     
   2.0800000000000001       0.93495240655356193     
   2.0999999999999996       0.91892953691310497     
   2.1200000000000010       0.90290666727264646     
   2.1400000000000006       0.88688379763218939     
   2.1600000000000001       0.87086092799173231     
   2.1799999999999997       0.85483805835127524     
   2.2000000000000011       0.83881518871081673     
   2.2200000000000006       0.82279231907035966     
   2.2400000000000002       0.80676944942990270     
   2.2599999999999998       0.79074657978944551     
   2.2800000000000011       0.77472371014898711     
   2.3000000000000007       0.75870084050853004     
   2.3200000000000003       0.74267797086807297     
   2.3399999999999999       0.72665510122761590     
   2.3599999999999994       0.71063223158715882     
   2.3800000000000008       0.69460936194670031     
   2.4000000000000004       0.67858649230624324     
   2.4199999999999999       0.66256362266578628     
   2.4399999999999995       0.64654075302532921     
   2.4600000000000009       0.63051788338487069     
   2.4800000000000004       0.61449501374441362     
   2.5000000000000000       0.59847214410395655     
   2.5199999999999996       0.58244927446349948     
   2.5400000000000009       0.56642640482304096     
   2.5600000000000005       0.55040353518258389     
   2.5800000000000001       0.53438066554212682     
   2.5999999999999996       0.51835779590166986     
   2.6200000000000010       0.50233492626121135     
   2.6400000000000006       0.48631205662075427     
   2.6600000000000001       0.47028918698029720     
   2.6799999999999997       0.45426631733984013     
   2.7000000000000011       0.43824344769938162     
   2.7200000000000006       0.42222057805892460     
   2.7400000000000002       0.40619770841846753     
   2.7599999999999998       0.39017483877801046     
   2.7800000000000011       0.37415196913755200     
   2.8000000000000007       0.35812909949709493     
   2.8200000000000003       0.34210622985663786     
   2.8399999999999999       0.32608336021618078     
   2.8599999999999994       0.31006049057572371     
   2.8800000000000008       0.29403762093526525     
   2.9000000000000004       0.27801475129480818     
   2.9199999999999999       0.26199188165435111     
   2.9399999999999995       0.24596901201389404     
   2.9600000000000009       0.22994614237343558     
   2.9800000000000004       0.21392327273297851     
   3.0000000000000000       0.19790040309252144     
   3.0199999999999996       0.18187753345206437     
   3.0400000000000009       0.16585466381160591     
   3.0600000000000005       0.14983179417114884     
   3.0800000000000001       0.13380892453069176     
   3.0999999999999996       0.11778605489023469     
   3.1200000000000010       0.10176318524977623     
   3.1400000000000006        8.5740315609319162E-002
   3.1600000000000001        6.9717445968862091E-002
   3.1799999999999997        5.3694576328405019E-002
   3.2000000000000011        3.7671706687946505E-002
   3.2200000000000006        2.1648837047489433E-002
   3.2400000000000002        5.6259674070323618E-003
   3.2599999999999998       -1.0396902233424599E-002
   3.2800000000000011       -2.6419771873883113E-002
   3.3000000000000007       -4.2442641514340185E-002
   3.3200000000000003       -5.8465511154797256E-002
   3.3399999999999999       -7.4488380795254328E-002
   3.3599999999999994       -9.0511250435711399E-002
   3.3800000000000008      -0.10653412007616991     
   3.4000000000000004      -0.12255698971662699     
   3.4199999999999999      -0.13857985935708395     
   3.4399999999999995      -0.15460272899754102     
   3.4600000000000009      -0.17062559863799953     
   3.4800000000000004      -0.18664846827845660     
   3.5000000000000000      -0.20267133791891367     
   3.5199999999999996      -0.21869420755937075     
   3.5400000000000009      -0.23471707719982926     
   3.5600000000000005      -0.25073994684028633     
   3.5800000000000001      -0.26676281648074340     
   3.5999999999999996      -0.28278568612120036     
   3.6200000000000010      -0.29880855576165888     
   3.6400000000000006      -0.31483142540211595     
   3.6600000000000001      -0.33085429504257302     
   3.6799999999999997      -0.34687716468303009     
   3.7000000000000011      -0.36290003432348861     
   3.7200000000000006      -0.37892290396394568     
   3.7400000000000002      -0.39494577360440275     
   3.7599999999999998      -0.41096864324485971     
   3.7800000000000011      -0.42699151288531823     
   3.8000000000000007      -0.44301438252577541     
   3.8200000000000003      -0.45903725216623237     
   3.8399999999999999      -0.47506012180668933     
   3.8599999999999994      -0.49108299144714651     
   3.8800000000000008      -0.50710586108760503     
   3.9000000000000004      -0.52312873072806199     
   3.9199999999999999      -0.53915160036851917     
   3.9399999999999995      -0.55517447000897613     
   3.9600000000000009      -0.57119733964943464     
   3.9800000000000004      -0.58722020928989183     
   4.0000000000000000      -0.60324307893034879     
   4.0199999999999996      -0.61926594857080575     
   4.0400000000000009      -0.63528881821126426     
   4.0600000000000005      -0.65131168785172144     
   4.0800000000000001      -0.66733455749217840     
   4.0999999999999996      -0.68335742713263559     
   4.1200000000000010      -0.69938029677309410     
   4.1400000000000006      -0.71540316641355106     
   4.1600000000000001      -0.73142603605400824     
   4.1799999999999997      -0.74744890569446520     
   4.2000000000000011      -0.76347177533492372     
   4.2200000000000006      -0.77949464497538068     
   4.2400000000000002      -0.79551751461583786     
   4.2599999999999998      -0.81154038425629482     
   4.2800000000000011      -0.82756325389675334     
   4.3000000000000007      -0.84358612353721052     
   4.3200000000000003      -0.85960899317766748     
   4.3399999999999999      -0.87563186281812444     
   4.3599999999999994      -0.89165473245858162     
   4.3800000000000008      -0.90767760209904014     
   4.4000000000000004      -0.92370047173949710     
   4.4199999999999999      -0.93972334137995428     
   4.4399999999999995      -0.95574621102041124     
   4.4600000000000009      -0.97176908066086976     
   4.4800000000000004      -0.98779195030132694     
   4.5000000000000000       -1.0038148199417840     
   4.5199999999999996       -1.0198376895822410     
   4.5400000000000009       -1.0358605592226993     
   4.5600000000000005       -1.0518834288631567     
   4.5800000000000001       -1.0679062985036136     
   4.5999999999999996       -1.0839291681440706     
   4.6200000000000010       -1.0999520377845293     
   4.6400000000000006       -1.1159749074249863     
   4.6600000000000001       -1.1319977770654432     
   4.6799999999999997       -1.1480206467059002     
   4.7000000000000011       -1.1640435163463589     
   4.7200000000000006       -1.1800663859868159     
   4.7400000000000002       -1.1960892556272729     
   4.7599999999999998       -1.2121121252677298     
   4.7800000000000011       -1.2281349949081886     
   4.8000000000000007       -1.2441578645486455     
   4.8200000000000003       -1.2601807341891025     
   4.8399999999999999       -1.2762036038295594     
   4.8599999999999994       -1.2922264734700168     
   4.8800000000000008       -1.3082493431104751     
   4.9000000000000004       -1.3242722127509321     
   4.9199999999999999       -1.3402950823913895     
   4.9399999999999995       -1.3563179520318465     
   4.9600000000000009       -1.3723408216723048     
   4.9800000000000004       -1.3883636913127622     
   5.0000000000000000       -1.4043865609532191     
   5.0199999999999996       -1.4204094305936761     
   5.0400000000000009       -1.4364323002341348     
   5.0600000000000005       -1.4524551698745918     
   5.0800000000000001       -1.4684780395150487     
   5.0999999999999996       -1.4845009091555057     
   5.1200000000000010       -1.5005237787959644     
   5.1400000000000006       -1.5165466484364214     
   5.1600000000000001       -1.5325695180768784     
   5.1799999999999997       -1.5485923877173353     
   5.2000000000000011       -1.5646152573577941     
   5.2200000000000006       -1.5806381269982510     
   5.2400000000000002       -1.5966609966387080     
   5.2599999999999998       -1.6126838662791654     
   5.2800000000000011       -1.6287067359196237     
   5.3000000000000007       -1.6447296055600806     
   5.3200000000000003       -1.6607524752005380     
   5.3399999999999999       -1.6767753448409950     
   5.3599999999999994       -1.6927982144814520     
   5.3800000000000008       -1.7088210841219102     
   5.4000000000000004       -1.7248439537623677     
   5.4199999999999999       -1.7408668234028246     
   5.4399999999999995       -1.7568896930432816     
   5.4600000000000009       -1.7729125626837403     
   5.4800000000000004       -1.7889354323241973     
   5.5000000000000000       -1.8049583019646542     
   5.5199999999999996       -1.8209811716051112     
   5.5400000000000009       -1.8370040412455699     
   5.5600000000000005       -1.8530269108860269     
   5.5800000000000001       -1.8690497805264839     
   5.5999999999999996       -1.8850726501669408     
   5.6200000000000010       -1.9010955198073995     
   5.6400000000000006       -1.9171183894478565     
   5.6600000000000001       -1.9331412590883135     
   5.6799999999999997       -1.9491641287287704     
   5.7000000000000011       -1.9651869983692292     
   5.7200000000000006       -1.9812098680096861     
   5.7400000000000002       -1.9972327376501431     
   5.7599999999999998       -2.0132556072906005     
   5.7800000000000011       -2.0292784769310588     
   5.8000000000000007       -2.0453013465715157     
   5.8200000000000003       -2.0613242162119731     
   5.8399999999999999       -2.0773470858524301     
   5.8600000000000012       -2.0933699554928884     
   5.8800000000000008       -2.1093928251333454     
   5.9000000000000004       -2.1254156947738028     
   5.9199999999999999       -2.1414385644142597     
   5.9399999999999995       -2.1574614340547167     
   5.9600000000000009       -2.1734843036951754     
   5.9800000000000004       -2.1895071733356324     
   6.0000000000000000       -2.2055300429760893     
   6.0199999999999996       -2.2215529126165463     
   6.0399999999999991       -2.2375757822570033     
   6.0599999999999987       -2.2535986518974607     
   6.0800000000000018       -2.2696215215379203     
   6.1000000000000014       -2.2856443911783777     
   6.1200000000000010       -2.3016672608188347     
   6.1400000000000006       -2.3176901304592916     
   6.1600000000000001       -2.3337130000997486     
   6.1799999999999997       -2.3497358697402055     
   6.1999999999999993       -2.3657587393806629     
   6.2199999999999989       -2.3817816090211199     
   6.2400000000000020       -2.3978044786615800     
   6.2600000000000016       -2.4138273483020369     
   6.2800000000000011       -2.4298502179424939     
   6.3000000000000007       -2.4458730875829509     
   6.3200000000000003       -2.4618959572234083     
   6.3399999999999999       -2.4779188268638652     
   6.3599999999999994       -2.4939416965043222     
   6.3799999999999990       -2.5099645661447791     
   6.3999999999999986       -2.5259874357852361     
   6.4200000000000017       -2.5420103054256962     
   6.4400000000000013       -2.5580331750661531     
   6.4600000000000009       -2.5740560447066105     
   6.4800000000000004       -2.5900789143470675     
   6.5000000000000000       -2.6061017839875245     
   6.5199999999999996       -2.6221246536279814     
   6.5399999999999991       -2.6381475232684384     
   6.5599999999999987       -2.6541703929088958     
   6.5800000000000018       -2.6701932625493554     
   6.6000000000000014       -2.6862161321898128     
   6.6200000000000010       -2.7022390018302698     
   6.6400000000000006       -2.7182618714707267     
   6.6600000000000001       -2.7342847411111837     
   6.6799999999999997       -2.7503076107516407     
   6.6999999999999993       -2.7663304803920981     
   6.7199999999999989       -2.7823533500325550     
   6.7400000000000020       -2.7983762196730151     
   6.7600000000000016       -2.8143990893134720     
   6.7800000000000011       -2.8304219589539290     
   6.8000000000000007       -2.8464448285943860     
   6.8200000000000003       -2.8624676982348434     
   6.8399999999999999       -2.8784905678753003     
   6.8599999999999994       -2.8945134375157573     
   6.8799999999999990       -2.9105363071562143     
   6.8999999999999986       -2.9265591767966712     
   6.9200000000000017       -2.9425820464371313     
   6.9400000000000013       -2.9586049160775882     
   6.9600000000000009       -2.9746277857180456     
   6.9800000000000004       -2.9906506553585026     
   7.0000000000000000       -3.0066735249989596     
   7.0199999999999996       -3.0226963946394165     
   7.0399999999999991       -3.0387192642798735     
   7.0599999999999987       -3.0547421339203309     
   7.0800000000000018       -3.0707650035607905     
   7.1000000000000014       -3.0867878732012479     
   7.1200000000000010       -3.1028107428417049     
   7.1400000000000006       -3.1188336124821618     
   7.1600000000000001       -3.1348564821226188     
   7.1799999999999997       -3.1508793517630758     
   7.1999999999999993       -3.1669022214035332     
   7.2199999999999989       -3.1829250910439901     
   7.2400000000000020       -3.1989479606844502     
   7.2600000000000016       -3.2149708303249072     
   7.2800000000000011       -3.2309936999653641     
   7.3000000000000007       -3.2470165696058211     
   7.3200000000000003       -3.2630394392462785     
   7.3399999999999999       -3.2790623088867354     
   7.3599999999999994       -3.2950851785271924     
   7.3799999999999990       -3.3111080481676494     
   7.4000000000000021       -3.3271309178081094     
   7.4200000000000017       -3.3431537874485664     
   7.4400000000000013       -3.3591766570890234     
   7.4600000000000009       -3.3751995267294808     
   7.4800000000000004       -3.3912223963699377     
   7.5000000000000000       -3.4072452660103947     
   7.5199999999999996       -3.4232681356508516     
   7.5399999999999991       -3.4392910052913086     
   7.5599999999999987       -3.4553138749317656     
   7.5800000000000018       -3.4713367445722261     
   7.6000000000000014       -3.4873596142126830     
   7.6200000000000010       -3.5033824838531400     
   7.6400000000000006       -3.5194053534935970     
   7.6600000000000001       -3.5354282231340539     
   7.6799999999999997       -3.5514510927745109     
   7.6999999999999993       -3.5674739624149678     
   7.7199999999999989       -3.5834968320554248     
   7.7400000000000020       -3.5995197016958853     
   7.7600000000000016       -3.6155425713363423     
   7.7800000000000011       -3.6315654409767992     
   7.8000000000000007       -3.6475883106172562     
   7.8200000000000003       -3.6636111802577132     
   7.8399999999999999       -3.6796340498981701     
   7.8599999999999994       -3.6956569195386271     
   7.8799999999999990       -3.7116797891790849     
   7.9000000000000021       -3.7277026588195445     
   7.9200000000000017       -3.7437255284600015     
   7.9400000000000013       -3.7597483981004585     
   7.9600000000000009       -3.7757712677409154     
   7.9800000000000004       -3.7917941373813724     
   8.0000000000000000       -3.8078170070218302     
   8.0199999999999996       -3.8238398766622872     
   8.0399999999999991       -3.8398627463027442     
   8.0599999999999987       -3.8558856159432011     
   8.0800000000000018       -3.8719084855836607     
   8.1000000000000014       -3.8879313552241177     
   8.1200000000000010       -3.9039542248645747     
   8.1400000000000006       -3.9199770945050325     
   8.1600000000000001       -3.9359999641454895     
   8.1799999999999997       -3.9520228337859464     
   8.1999999999999993       -3.9680457034264034     
   8.2199999999999989       -3.9840685730668604     
   8.2400000000000020       -4.0000914427073200     
   8.2600000000000016       -4.0161143123477769     
   8.2800000000000011       -4.0321371819882348     
   8.3000000000000007       -4.0481600516286917     
   8.3200000000000003       -4.0641829212691487     
   8.3399999999999999       -4.0802057909096057     
   8.3599999999999994       -4.0962286605500626     
   8.3799999999999990       -4.1122515301905196     
   8.4000000000000021       -4.1282743998309792     
   8.4200000000000017       -4.1442972694714371     
   8.4400000000000013       -4.1603201391118940     
   8.4600000000000009       -4.1763430087523510     
   8.4800000000000004       -4.1923658783928079     
   8.5000000000000000       -4.2083887480332649     
   8.5199999999999996       -4.2244116176737219     
   8.5399999999999991       -4.2404344873141788     
   8.5599999999999987       -4.2564573569546358     
   8.5800000000000018       -4.2724802265950963     
   8.6000000000000014       -4.2885030962355533     
   8.6200000000000010       -4.3045259658760102     
   8.6400000000000006       -4.3205488355164672     
   8.6600000000000001       -4.3365717051569241     
   8.6799999999999997       -4.3525945747973811     
   8.6999999999999993       -4.3686174444378381     
   8.7199999999999989       -4.3846403140782950     
   8.7400000000000020       -4.4006631837187555     
   8.7600000000000016       -4.4166860533592125     
   8.7800000000000011       -4.4327089229996695     
   8.8000000000000007       -4.4487317926401264     
   8.8200000000000003       -4.4647546622805834     
   8.8399999999999999       -4.4807775319210403     
   8.8599999999999994       -4.4968004015614973     
   8.8799999999999990       -4.5128232712019551     
   8.9000000000000021       -4.5288461408424148     
   8.9200000000000017       -4.5448690104828717     
   8.9400000000000013       -4.5608918801233287     
   8.9600000000000009       -4.5769147497637857     
   8.9800000000000004       -4.5929376194042426     
   9.0000000000000000       -4.6089604890446996     
   9.0199999999999996       -4.6249833586851574     
   9.0399999999999991       -4.6410062283256144     
   9.0599999999999987       -4.6570290979660713     
   9.0800000000000018       -4.6730519676065310     
   9.1000000000000014       -4.6890748372469879     
   9.1200000000000010       -4.7050977068874449     
   9.1400000000000006       -4.7211205765279027     
   9.1600000000000001       -4.7371434461683597     
   9.1799999999999997       -4.7531663158088167     
   9.1999999999999993       -4.7691891854492736     
   9.2199999999999989       -4.7852120550897306     
   9.2400000000000020       -4.8012349247301902     
   9.2600000000000016       -4.8172577943706472     
   9.2800000000000011       -4.8332806640111050     
   9.3000000000000007       -4.8493035336515620     
   9.3200000000000003       -4.8653264032920189     
   9.3399999999999999       -4.8813492729324759     
   9.3599999999999994       -4.8973721425729329     
   9.3799999999999990       -4.9133950122133898     
   9.4000000000000021       -4.9294178818538494     
   9.4200000000000017       -4.9454407514943073     
   9.4400000000000013       -4.9614636211347642     
   9.4600000000000009       -4.9774864907752212     
   9.4800000000000004       -4.9935093604156782     
   9.5000000000000000       -5.0095322300561351     
   9.5199999999999996       -5.0255550996965921     
   9.5399999999999991       -5.0415779693370490     
   9.5599999999999987       -5.0576008389775060     
   9.5800000000000018       -5.0736237086179665     
   9.6000000000000014       -5.0896465782584235     
   9.6200000000000010       -5.1056694478988804     
   9.6400000000000006       -5.1216923175393374     
   9.6600000000000001       -5.1377151871797944     
   9.6799999999999997       -5.1537380568202513     
   9.6999999999999993       -5.1697609264607083     
   9.7199999999999989       -5.1857837961011652     
   9.7400000000000020       -5.2018066657416258     
   9.7600000000000016       -5.2178295353820827     
   9.7800000000000011       -5.2338524050225397     
   9.8000000000000007       -5.2498752746629966     
   9.8200000000000003       -5.2658981443034536     
   9.8399999999999999       -5.2819210139439106     
   9.8599999999999994       -5.2979438835843675     
   9.8799999999999990       -5.3139667532248254     
   9.9000000000000021       -5.3299896228652850     
   9.9200000000000017       -5.3460124925057420     
   9.9400000000000013       -5.3620353621461989     
   9.9600000000000009       -5.3780582317866559     
   9.9800000000000004       -5.3940811014271128     
