  -10.000000000000000        311.88739761490729     
  -9.9800000000000004        309.38355704749046     
  -9.9600000000000009        306.89412091221124     
  -9.9399999999999995        304.41903591250559     
  -9.9199999999999999        301.95824884756917     
  -9.9000000000000004        299.51170661235597     
  -9.8800000000000008        297.07935619757853     
  -9.8599999999999994        294.66114468970909     
  -9.8399999999999999        292.25701927097890     
  -9.8200000000000003        289.86692721937737     
  -9.8000000000000007        287.49081590865399     
  -9.7799999999999994        285.12863280831584     
  -9.7599999999999998        282.78032548363029     
  -9.7400000000000002        280.44584159562294     
  -9.7200000000000006        278.12512890107831     
  -9.6999999999999993        275.81813525253995     
  -9.6799999999999997        273.52480859831098     
  -9.6600000000000001        271.24509698245237     
  -9.6400000000000006        268.97894854478517     
  -9.6199999999999992        266.72631152088826     
  -9.5999999999999996        264.48713424210069     
  -9.5800000000000001        262.26136513551950     
  -9.5600000000000005        260.04895272400097     
  -9.5399999999999991        257.84984562616040     
  -9.5199999999999996        255.66399255637242     
  -9.5000000000000000        253.49134232476979     
  -9.4800000000000004        251.33184383724506     
  -9.4600000000000009        249.18544609544898     
  -9.4399999999999995        247.05209819679163     
  -9.4199999999999999        244.93174933444249     
  -9.4000000000000004        242.82434879732926     
  -9.3800000000000008        240.72984597013880     
  -9.3599999999999994        238.64819033331705     
  -9.3399999999999999        236.57933146306908     
  -9.3200000000000003        234.52321903135851     
  -9.3000000000000007        232.47980280590818     
  -9.2799999999999994        230.44903265019971     
  -9.2599999999999998        228.43085852347394     
  -9.2400000000000002        226.42523048073073     
  -9.2200000000000006        224.43209867272813     
  -9.1999999999999993        222.45141334598387     
  -9.1799999999999997        220.48312484277460     
  -9.1600000000000001        218.52718360113602     
  -9.1400000000000006        216.58354015486216     
  -9.1199999999999992        214.65214513350634     
  -9.0999999999999996        212.73294926238123     
  -9.0800000000000001        210.82590336255794     
  -9.0600000000000005        208.93095835086680     
  -9.0399999999999991        207.04806523989683     
  -9.0199999999999996        205.17717513799647     
  -9.0000000000000000        203.31823924927269     
  -8.9800000000000004        201.47120887359159     
  -8.9600000000000009        199.63603540657812     
  -8.9399999999999995        197.81267033961623     
  -8.9199999999999999        196.00106525984916     
  -8.9000000000000004        194.20117185017853     
  -8.8799999999999990        192.41294188926514     
  -8.8599999999999994        190.63632725152917     
  -8.8399999999999999        188.87127990714896     
  -8.8200000000000003        187.11775192206267     
  -8.8000000000000007        185.37569545796669     
  -8.7799999999999994        183.64506277231652     
  -8.7599999999999998        181.92580621832707     
  -8.7400000000000002        180.21787824497179     
  -8.7200000000000006        178.52123139698321     
  -8.6999999999999993        176.83581831485250     
  -8.6799999999999997        175.16159173483049     
  -8.6600000000000001        173.49850448892647     
  -8.6400000000000006        171.84650950490865     
  -8.6199999999999992        170.20555980630422     
  -8.5999999999999996        168.57560851239975     
  -8.5800000000000001        166.95660883824024     
  -8.5600000000000005        165.34851409462988     
  -8.5399999999999991        163.75127768813149     
  -8.5199999999999996        162.16485312106769     
  -8.5000000000000000        160.58919399151921     
  -8.4800000000000004        159.02425399332608     
  -8.4600000000000009        157.46998691608715     
  -8.4399999999999995        155.92634664516027     
  -8.4199999999999999        154.39328716166256     
  -8.4000000000000004        152.87076254246961     
  -8.3799999999999990        151.35872696021625     
  -8.3599999999999994        149.85713468329618     
  -8.3399999999999999        148.36594007586217     
  -8.3200000000000003        146.88509759782573     
  -8.3000000000000007        145.41456180485753     
  -8.2799999999999994        143.95428734838686     
  -8.2599999999999998        142.50422897560270     
  -8.2400000000000002        141.06434152945215     
  -8.2200000000000006        139.63457994864183     
  -8.1999999999999993        138.21489926763675     
  -8.1799999999999997        136.80525461666170     
  -8.1600000000000001        135.40560122169973     
  -8.1400000000000006        134.01589440449311     
  -8.1199999999999992        132.63608958254289     
  -8.0999999999999996        131.26614226910954     
  -8.0800000000000001        129.90600807321195     
  -8.0600000000000005        128.55564269962818     
  -8.0399999999999991        127.21500194889526     
  -8.0199999999999996        125.88404171730926     
  -8.0000000000000000        124.56271799692510     
  -7.9800000000000004        123.25098687555663     
  -7.9600000000000000        121.94880453677672     
  -7.9399999999999995        120.65612725991699     
  -7.9199999999999999        119.37291142006848     
  -7.9000000000000004        118.09911348808083     
  -7.8799999999999999        116.83469003056248     
  -7.8599999999999994        115.57959770988140     
  -7.8399999999999999        114.33379328416407     
  -7.8200000000000003        113.09723360729595     
  -7.7999999999999998        111.86987562892162     
  -7.7799999999999994        110.65167639444428     
  -7.7599999999999998        109.44259304502665     
  -7.7400000000000002        108.24258281759003     
  -7.7199999999999998        107.05160304481467     
  -7.6999999999999993        105.86961115513984     
  -7.6799999999999997        104.69656467276394     
  -7.6600000000000001        103.53242121764399     
  -7.6400000000000006        102.37713850549613     
  -7.6200000000000001        101.23067434779557     
  -7.5999999999999996        100.09298665177624     
  -7.5800000000000001        98.964033420431349     
  -7.5600000000000005        97.843772752512706     
  -7.5400000000000000        96.732162842531238     
  -7.5199999999999996        95.629161980756948     
  -7.5000000000000000        94.534728553218656     
  -7.4800000000000004        93.448821041704093     
  -7.4600000000000000        92.371398023760037     
  -7.4399999999999995        91.302418172692114     
  -7.4199999999999999        90.241840257565229     
  -7.4000000000000004        89.189623143202766     
  -7.3799999999999999        88.145725790187385     
  -7.3599999999999994        87.110107254860651     
  -7.3399999999999999        86.082726689323124     
  -7.3200000000000003        85.063543341434098     
  -7.2999999999999998        84.052516554812087     
  -7.2799999999999994        83.049605768834311     
  -7.2599999999999998        82.054770518637270     
  -7.2400000000000002        81.067970435116223     
  -7.2199999999999998        80.089165244925169     
  -7.1999999999999993        79.118314770477582     
  -7.1799999999999997        78.155378929945499     
  -7.1600000000000001        77.200317737259979     
  -7.1400000000000006        76.253091302111102     
  -7.1200000000000001        75.313659829947966     
  -7.0999999999999996        74.381983621978293     
  -7.0800000000000001        73.458023075169251     
  -7.0600000000000005        72.541738682246688     
  -7.0400000000000000        71.633091031695301     
  -7.0199999999999996        70.732040807759063     
  -7.0000000000000000        69.838548790440626     
  -6.9800000000000004        68.952575855501692     
  -6.9600000000000000        68.074082974462982     
  -6.9399999999999995        67.203031214603982     
  -6.9199999999999999        66.339381738963482     
  -6.9000000000000004        65.483095806338838     
  -6.8799999999999999        64.634134771286512     
  -6.8599999999999994        63.792460084122112     
  -6.8399999999999999        62.958033290919971     
  -6.8200000000000003        62.130816033513454     
  -6.7999999999999998        61.310770049494778     
  -6.7799999999999994        60.497857172215319     
  -6.7599999999999998        59.692039330785249     
  -6.7400000000000002        58.893278550073802     
  -6.7199999999999998        58.101536950709033     
  -6.6999999999999993        57.316776749078173     
  -6.6799999999999997        56.538960257327133     
  -6.6600000000000001        55.768049883361030     
  -6.6400000000000006        55.004008130843744     
  -6.6200000000000001        54.246797599198246     
  -6.5999999999999996        53.496380983606258     
  -6.5800000000000001        52.752721075008935     
  -6.5600000000000005        52.015780760105784     
  -6.5400000000000000        51.285523021355644     
  -6.5199999999999996        50.561910936976261     
  -6.5000000000000000        49.844907680944232     
  -6.4800000000000004        49.134476522995215     
  -6.4600000000000000        48.430580828623704     
  -6.4399999999999995        47.733184059083285     
  -6.4199999999999999        47.042249771386480     
  -6.4000000000000004        46.357741618304658     
  -6.3799999999999999        45.679623348368168     
  -6.3599999999999994        45.007858805866519     
  -6.3399999999999999        44.342411930847987     
  -6.3200000000000003        43.683246759119669     
  -6.2999999999999998        43.030327422247964     
  -6.2799999999999994        42.383618147557954     
  -6.2599999999999998        41.743083258133851     
  -6.2400000000000002        41.108687172818691     
  -6.2199999999999998        40.480394406214458     
  -6.1999999999999993        39.858169568682285     
  -6.1799999999999997        39.241977366342098     
  -6.1600000000000001        38.631782601072786     
  -6.1400000000000006        38.027550170512228     
  -6.1200000000000001        37.429245068057227     
  -6.0999999999999996        36.836832382863577     
  -6.0800000000000001        36.250277299846061     
  -6.0600000000000005        35.669545099678317     
  -6.0400000000000000        35.094601158792997     
  -6.0199999999999996        34.525410949381779     
  -6.0000000000000000        33.961940039395202     
  -5.9799999999999995        33.404154092542797     
  -5.9600000000000000        32.852018868293001     
  -5.9399999999999995        32.305500221873231     
  -5.9199999999999999        31.764564104269951     
  -5.9000000000000004        31.229176562228460     
  -5.8799999999999999        30.699303738253093     
  -5.8600000000000003        30.174911870607062     
  -5.8399999999999999        29.655967293312699     
  -5.8200000000000003        29.142436436151073     
  -5.7999999999999998        28.634285824662342     
  -5.7800000000000002        28.131482080145517     
  -5.7599999999999998        27.633991919658740     
  -5.7400000000000002        27.141782156018962     
  -5.7199999999999998        26.654819697802154     
  -5.7000000000000002        26.173071549343263     
  -5.6799999999999997        25.696504810736130     
  -5.6600000000000001        25.225086677833531     
  -5.6399999999999997        24.758784442247318     
  -5.6200000000000001        24.297565491348152     
  -5.5999999999999996        23.841397308265783     
  -5.5800000000000001        23.390247471888841     
  -5.5599999999999996        22.944083656864905     
  -5.5400000000000000        22.502873633600572     
  -5.5199999999999996        22.066585268261406     
  -5.5000000000000000        21.635186522771789     
  -5.4799999999999995        21.208645454815169     
  -5.4600000000000000        20.786930217833998     
  -5.4399999999999995        20.370009061029535     
  -5.4199999999999999        19.957850329362145     
  -5.3999999999999995        19.550422463551044     
  -5.3799999999999999        19.147694000074466     
  -5.3600000000000003        18.749633571169568     
  -5.3399999999999999        18.356209904832482     
  -5.3200000000000003        17.967391824818293     
  -5.2999999999999998        17.583148250640988     
  -5.2800000000000002        17.203448197573636     
  -5.2599999999999998        16.828260776648136     
  -5.2400000000000002        16.457555194655441     
  -5.2199999999999998        16.091300754145365     
  -5.2000000000000002        15.729466853426757     
  -5.1799999999999997        15.372022986567359     
  -5.1600000000000001        15.018938743393946     
  -5.1399999999999997        14.670183809492173     
  -5.1200000000000001        14.325727966206713     
  -5.0999999999999996        13.985541090641135     
  -5.0800000000000001        13.649593155658010     
  -5.0599999999999996        13.317854229878833     
  -5.0400000000000000        12.990294477684117     
  -5.0199999999999996        12.666884159213268     
  -5.0000000000000000        12.347593630364656     
  -4.9799999999999995        12.032393342795629     
  -4.9600000000000000        11.721253843922483     
  -4.9399999999999995        11.414145776920449     
  -4.9199999999999999        11.111039880723752     
  -4.8999999999999995        10.811906990025555     
  -4.8799999999999999        10.516718035278004     
  -4.8600000000000003        10.225444042692118     
  -4.8399999999999999        9.9380561342379750     
  -4.8200000000000003        9.6545255276445516     
  -4.7999999999999998        9.3748235363997736     
  -4.7800000000000002        9.0989215697505870     
  -4.7599999999999998        8.8267911327028088     
  -4.7400000000000002        8.5584038260212623     
  -4.7199999999999998        8.2937313462297197     
  -4.7000000000000002        8.0327454856109313     
  -4.6799999999999997        7.7754181322065392     
  -4.6600000000000001        7.5217212698172204     
  -4.6399999999999997        7.2716269780025442     
  -4.6200000000000001        7.0251074320810858     
  -4.5999999999999996        6.7821349031303271     
  -4.5800000000000001        6.5426817579867560     
  -4.5599999999999996        6.3067204592457813     
  -4.5400000000000000        6.0742235652617893     
  -4.5199999999999996        5.8451637301480872     
  -4.5000000000000000        5.6195137037770095     
  -4.4799999999999995        5.3972463317797690     
  -4.4600000000000000        5.1783345555465843     
  -4.4399999999999995        4.9627514122266021     
  -4.4199999999999999        4.7504700347279538     
  -4.3999999999999995        4.5414636517176987     
  -4.3799999999999999        4.3357055876218595     
  -4.3600000000000003        4.1331692626254508     
  -4.3399999999999999        3.9338281926723653     
  -4.3200000000000003        3.7376559894655514     
  -4.2999999999999998        3.5446263604668147     
  -4.2800000000000002        3.3547131088970090     
  -4.2599999999999998        3.1678901337358525     
  -4.2400000000000002        2.9841314297221118     
  -4.2199999999999998        2.8034110873534530     
  -4.2000000000000002        2.6257032928864916     
  -4.1799999999999997        2.4509823283368348     
  -4.1600000000000001        2.2792225714790533     
  -4.1399999999999997        2.1103984958465958     
  -4.1200000000000001        1.9444846707319599     
  -4.0999999999999996        1.7814557611865496     
  -4.0800000000000001        1.6212865280207538     
  -4.0599999999999996        1.4639518278038963     
  -4.0400000000000000        1.3094266128642360     
  -4.0199999999999996        1.1576859312890448     
  -4.0000000000000000        1.0087049269245298     
  -3.9799999999999995       0.86245883937581169     
  -3.9600000000000000       0.71892300400701004     
  -3.9399999999999995       0.57807285194120794     
  -3.9199999999999999       0.43988391006042349     
  -3.8999999999999995       0.30433180100561685     
  -3.8799999999999999       0.17139224317675428     
  -3.8599999999999994        4.1041050732708584E-002
  -3.8399999999999999       -8.6745866408662664E-002
  -3.8200000000000003      -0.21199250257054558     
  -3.7999999999999998      -0.33472275631720549     
  -3.7800000000000002      -0.45496043045391588     
  -3.7599999999999998      -0.57272923202699388     
  -3.7400000000000002      -0.68805277232381457     
  -3.7199999999999998      -0.80095456687278954     
  -3.7000000000000002      -0.91145803544335990     
  -3.6799999999999997       -1.0195865020460602     
  -3.6600000000000001       -1.1253631949324259     
  -3.6399999999999997       -1.2288112465950149     
  -3.6200000000000001       -1.3299536937674858     
  -3.5999999999999996       -1.4288134774245194     
  -3.5800000000000001       -1.5254134427818187     
  -3.5599999999999996       -1.6197763392961519     
  -3.5400000000000000       -1.7119248206653168     
  -3.5199999999999996       -1.8018814448281830     
  -3.5000000000000000       -1.8896686739646356     
  -3.4799999999999995       -1.9753088744955960     
  -3.4600000000000000       -2.0588243170830687     
  -3.4399999999999995       -2.1402371766300767     
  -3.4199999999999999       -2.2195695322806692     
  -3.3999999999999995       -2.2968433674199851     
  -3.3799999999999999       -2.3720805696741607     
  -3.3599999999999994       -2.4453029309103975     
  -3.3399999999999999       -2.5165321472369442     
  -3.3200000000000003       -2.5857898190030788     
  -3.2999999999999998       -2.6530974507991516     
  -3.2800000000000002       -2.7184764514565209     
  -3.2599999999999998       -2.7819481340476067     
  -3.2400000000000002       -2.8435337158858687     
  -3.2199999999999998       -2.9032543185258248     
  -3.2000000000000002       -2.9611309677630118     
  -3.1799999999999997       -3.0171845936340240     
  -3.1600000000000001       -3.0714360304164998     
  -3.1399999999999997       -3.1239060166291210     
  -3.1200000000000001       -3.1746151950316097     
  -3.0999999999999996       -3.2235841126247351     
  -3.0800000000000001       -3.2708332206503030     
  -3.0599999999999996       -3.3163828745911772     
  -3.0400000000000000       -3.3602533341712437     
  -3.0199999999999996       -3.4024647633554608     
  -3.0000000000000000       -3.4430372303497983     
  -2.9799999999999995       -3.4819907076012910     
  -2.9600000000000000       -3.5193450717980248     
  -2.9399999999999995       -3.5551201038690969     
  -2.9199999999999999       -3.5893354889846805     
  -2.8999999999999995       -3.6220108165559779     
  -2.8799999999999999       -3.6531655802352319     
  -2.8599999999999994       -3.6828191779157429     
  -2.8399999999999999       -3.7109909117318338     
  -2.8200000000000003       -3.7376999880588926     
  -2.7999999999999998       -3.7629655175133436     
  -2.7800000000000002       -3.7868065149526480     
  -2.7599999999999998       -3.8092418994753210     
  -2.7400000000000002       -3.8302904944209111     
  -2.7199999999999998       -3.8499710273700138     
  -2.7000000000000002       -3.8683021301442793     
  -2.6799999999999997       -3.8853023388063868     
  -2.6600000000000001       -3.9009900936600594     
  -2.6399999999999997       -3.9153837392500748     
  -2.6200000000000001       -3.9285015243622574     
  -2.5999999999999996       -3.9403616020234544     
  -2.5800000000000001       -3.9509820295015636     
  -2.5599999999999996       -3.9603807683055550     
  -2.5400000000000000       -3.9685756841853959     
  -2.5199999999999996       -3.9755845471321347     
  -2.5000000000000000       -3.9814250313778388     
  -2.4799999999999995       -3.9861147153956402     
  -2.4600000000000000       -3.9896710818996972     
  -2.4399999999999995       -3.9921115178452169     
  -2.4199999999999999       -3.9934533144284572     
  -2.3999999999999995       -3.9937136670867179     
  -2.3799999999999999       -3.9929096754983320     
  -2.3599999999999994       -3.9910583435826812     
  -2.3399999999999999       -3.9881765795001964     
  -2.3200000000000003       -3.9842811956523523     
  -2.2999999999999998       -3.9793889086816563     
  -2.2800000000000002       -3.9735163394716739     
  -2.2599999999999998       -3.9666800131470037     
  -2.2400000000000002       -3.9588963590732913     
  -2.2199999999999998       -3.9501817108572261     
  -2.2000000000000002       -3.9405523063465395     
  -2.1799999999999997       -3.9300242876300118     
  -2.1600000000000001       -3.9186137010374598     
  -2.1399999999999997       -3.9063364971397530     
  -2.1200000000000001       -3.8932085307487956     
  -2.0999999999999996       -3.8792455609175356     
  -2.0800000000000001       -3.8644632509399752     
  -2.0599999999999996       -3.8488771683511462     
  -2.0400000000000000       -3.8325027849271365     
  -2.0199999999999996       -3.8153554766850721     
  -2.0000000000000000       -3.7974505238831231     
  -1.9800000000000004       -3.7788031110204994     
  -1.9599999999999991       -3.7594283268374546     
  -1.9399999999999995       -3.7393411643153058     
  -1.9199999999999999       -3.7185565206763780     
  -1.9000000000000004       -3.6970891973840754     
  -1.8799999999999990       -3.6749539001428158     
  -1.8599999999999994       -3.6521652388980872     
  -1.8399999999999999       -3.6287377278364037     
  -1.8200000000000003       -3.6046857853853265     
  -1.8000000000000007       -3.5800237342134658     
  -1.7799999999999994       -3.5547658012304684     
  -1.7599999999999998       -3.5289261175870301     
  -1.7400000000000002       -3.5025187186748905     
  -1.7200000000000006       -3.4755575441268300     
  -1.6999999999999993       -3.4480564378166711     
  -1.6799999999999997       -3.4200291478592888     
  -1.6600000000000001       -3.3914893266105848     
  -1.6400000000000006       -3.3624505306675259     
  -1.6199999999999992       -3.3329262208681030     
  -1.5999999999999996       -3.3029297622913685     
  -1.5800000000000001       -3.2724744242574033     
  -1.5600000000000005       -3.2415733803273437     
  -1.5399999999999991       -3.2102397083033543     
  -1.5199999999999996       -3.1784863902286640     
  -1.5000000000000000       -3.1463263123875302     
  -1.4800000000000004       -3.1137722653052577     
  -1.4599999999999991       -3.0808369437481957     
  -1.4399999999999995       -3.0475329467237406     
  -1.4199999999999999       -3.0138727774803264     
  -1.4000000000000004       -2.9798688435074325     
  -1.3799999999999990       -2.9455334565355820     
  -1.3599999999999994       -2.9108788325363468     
  -1.3399999999999999       -2.8759170917223376     
  -1.3200000000000003       -2.8406602585472056     
  -1.2999999999999989       -2.8051202617056497     
  -1.2799999999999994       -2.7693089341334165     
  -1.2599999999999998       -2.7332380130072904     
  -1.2400000000000002       -2.6969191397451002     
  -1.2200000000000006       -2.6603638600057185     
  -1.1999999999999993       -2.6235836236890604     
  -1.1799999999999997       -2.5865897849360922     
  -1.1600000000000001       -2.5493936021288164     
  -1.1400000000000006       -2.5120062378902812     
  -1.1199999999999992       -2.4744387590845740     
  -1.0999999999999996       -2.4367021368168373     
  -1.0800000000000001       -2.3988072464332459     
  -1.0600000000000005       -2.3607648675210244     
  -1.0399999999999991       -2.3225856839084358     
  -1.0199999999999996       -2.2842802836647951     
  -1.0000000000000000       -2.2458591591004549     
 -0.98000000000000043       -2.2073327067668123     
 -0.95999999999999908       -2.1687112274563054     
 -0.93999999999999950       -2.1300049262024237     
 -0.91999999999999993       -2.0912239122796952     
 -0.90000000000000036       -2.0523781992036905     
 -0.87999999999999901       -2.0134777047310233     
 -0.85999999999999943       -1.9745322508593581     
 -0.83999999999999986       -1.9355515638273988     
 -0.82000000000000028       -1.8965452741148883     
 -0.79999999999999893       -1.8575229164426155     
 -0.77999999999999936       -1.8184939297724205     
 -0.75999999999999979       -1.7794676573071806     
 -0.74000000000000021       -1.7404533464908138     
 -0.72000000000000064       -1.7014601490082888     
 -0.69999999999999929       -1.6624971207856101     
 -0.67999999999999972       -1.6235732219898362     
 -0.66000000000000014       -1.5846973170290628     
 -0.64000000000000057       -1.5458781745524259     
 -0.61999999999999922       -1.5071244674501099     
 -0.59999999999999964       -1.4684447728533478     
 -0.58000000000000007       -1.4298475721344066     
 -0.56000000000000050       -1.3913412509066014     
 -0.53999999999999915       -1.3529340990242877     
 -0.51999999999999957       -1.3146343105828744     
 -0.50000000000000000       -1.2764499839188042     
 -0.48000000000000043       -1.2383891216095655     
 -0.45999999999999908       -1.2004596304736899     
 -0.43999999999999950       -1.1626693215707602     
 -0.41999999999999993       -1.1250259102013929     
 -0.40000000000000036       -1.0875370159072539     
 -0.37999999999999901       -1.0502101624710463     
 -0.35999999999999943       -1.0130527779165295     
 -0.33999999999999986      -0.97607219450849492     
 -0.32000000000000028      -0.93927564875278180     
 -0.29999999999999893      -0.90267028139626904     
 -0.27999999999999936      -0.86626313742689032     
 -0.25999999999999979      -0.83006116607361191     
 -0.24000000000000021      -0.79407122080644821     
 -0.22000000000000064      -0.75830005933645550     
 -0.19999999999999929      -0.72275434361573221     
 -0.17999999999999972      -0.68744063983743020     
 -0.16000000000000014      -0.65236541843573326     
 -0.14000000000000057      -0.61753505408587483     
 -0.11999999999999922      -0.58295582570412718     
  -9.9999999999999645E-002 -0.54863391644781601     
  -8.0000000000000071E-002 -0.51457541371530069     
  -6.0000000000000497E-002 -0.48078630914598874     
  -3.9999999999999147E-002 -0.44727249862032825     
  -1.9999999999999574E-002 -0.41403978225981763     
   0.0000000000000000      -0.38109386442699389     
   1.9999999999999574E-002 -0.34844035372543736     
   4.0000000000000924E-002 -0.31608476299977040     
   6.0000000000000497E-002 -0.28403250933566848     
   8.0000000000000071E-002 -0.25228891405984066     
   9.9999999999999645E-002 -0.22085920274004278     
  0.12000000000000099      -0.18974850518507358     
  0.14000000000000057      -0.15896185544478070     
  0.16000000000000014      -0.12850419181004913     
  0.17999999999999972       -9.8380356812809988E-002
  0.20000000000000107       -6.8595097226035739E-002
  0.22000000000000064       -3.9153064063749521E-002
  0.24000000000000021       -1.0058812581010490E-002
  0.25999999999999979        1.8683197726074741E-002
  0.27999999999999936        4.7068603120357322E-002
  0.30000000000000071        7.5093135623646834E-002
  0.32000000000000028       0.10275262301670141     
  0.33999999999999986       0.13004298883924303     
  0.35999999999999943       0.15696025238994682     
  0.38000000000000078       0.18350052872644895     
  0.40000000000000036       0.20966002866533218     
  0.41999999999999993       0.23543505878214349     
  0.43999999999999950       0.26082202141138477     
  0.46000000000000085       0.28581741464651550     
  0.48000000000000043       0.31041783233994430     
  0.50000000000000000       0.33461996410304445     
  0.51999999999999957       0.35842059530614223     
  0.54000000000000092       0.38181660707852222     
  0.56000000000000050       0.40480497630841883     
  0.58000000000000007       0.42738277564303040     
  0.59999999999999964       0.44954717348850864     
  0.62000000000000099       0.47129543400996265     
  0.64000000000000057       0.49262491713145401     
  0.66000000000000014       0.51353307853600483     
  0.67999999999999972       0.53401746966559194     
  0.70000000000000107       0.55407573772115004     
  0.72000000000000064       0.57370562566256633     
  0.74000000000000021       0.59290497220868787     
  0.75999999999999979       0.61167171183731717     
  0.77999999999999936       0.63000387478521214     
  0.80000000000000071       0.64789958704809025     
  0.82000000000000028       0.66535707038061931     
  0.83999999999999986       0.68237464229642797     
  0.85999999999999943       0.69895071606810033     
  0.88000000000000078       0.71508380072717836     
  0.90000000000000036       0.73077250106415548     
  0.91999999999999993       0.74601551762848517     
  0.93999999999999950       0.76081164672857826     
  0.96000000000000085       0.77515978043180023     
  0.98000000000000043       0.78905890656447064     
   1.0000000000000000       0.80250810871186906     
   1.0199999999999996       0.81550656621822970     
   1.0400000000000009       0.82805355418674476     
   1.0600000000000005       0.84014844347955842     
   1.0800000000000001       0.85179070071777574     
   1.0999999999999996       0.86297988828145633     
   1.1200000000000010       0.87371566430961722     
   1.1400000000000006       0.88399778270022866     
   1.1600000000000001       0.89382609311022077     
   1.1799999999999997       0.90320054095547786     
   1.2000000000000011       0.91212116741084193     
   1.2200000000000006       0.92058810941011004     
   1.2400000000000002       0.92860159964603661     
   1.2599999999999998       0.93616196657033113     
   1.2799999999999994       0.94326963439366074     
   1.3000000000000007       0.94992512308564891     
   1.3200000000000003       0.95612904837487400     
   1.3399999999999999       0.96188212174887155     
   1.3599999999999994       0.96718515045413400     
   1.3800000000000008       0.97203903749610954     
   1.4000000000000004       0.97644478163920201     
   1.4199999999999999       0.98040347740677292     
   1.4399999999999995       0.98391631508113886     
   1.4600000000000009       0.98698458070357398     
   1.4800000000000004       0.98960965607430751     
   1.5000000000000000       0.99179301875252546     
   1.5199999999999996       0.99353624205637103     
   1.5400000000000009       0.99484099506294243     
   1.5600000000000005       0.99570904260829440     
   1.5800000000000001       0.99614224528743911     
   1.5999999999999996       0.99614255945434393     
   1.6200000000000010       0.99571203722193269     
   1.6400000000000006       0.99485282646208584     
   1.6600000000000001       0.99356717080564039     
   1.6799999999999997       0.99185740964238911     
   1.7000000000000011       0.98972597812108076     
   1.7200000000000006       0.98717540714942198     
   1.7400000000000002       0.98420832339407427     
   1.7599999999999998       0.98082744928065602     
   1.7799999999999994       0.97703560299374137     
   1.8000000000000007       0.97283569847686113     
   1.8200000000000003       0.96823074543250343     
   1.8399999999999999       0.96322384932211147     
   1.8599999999999994       0.95781821136608458     
   1.8800000000000008       0.95201712854377951     
   1.9000000000000004       0.94582399359350855     
   1.9199999999999999       0.93924229501254097     
   1.9399999999999995       0.93227561705710127     
   1.9600000000000009       0.92492763974237102     
   1.9800000000000004       0.91720213884248847     
   2.0000000000000000       0.90910298589054761     
   2.0199999999999996       0.90063414817859877     
   2.0400000000000009       0.89179968875764770     
   2.0600000000000005       0.88260376643765948     
   2.0800000000000001       0.87305063578755226     
   2.0999999999999996       0.86314464713520211     
   2.1200000000000010       0.85289024656743995     
   2.1400000000000006       0.84229197593005600     
   2.1600000000000001       0.83135447282779396     
   2.1799999999999997       0.82008247062435502     
   2.2000000000000011       0.80848079844239529     
   2.2200000000000006       0.79655438116353050     
   2.2400000000000002       0.78430823942832961     
   2.2599999999999998       0.77174748963631878     
   2.2800000000000011       0.75887734394597961     
   2.3000000000000007       0.74570311027475322     
   2.3200000000000003       0.73223019229903363     
   2.3399999999999999       0.71846408945417251     
   2.3599999999999994       0.70441039693447782     
   2.3800000000000008       0.69007480569321222     
   2.4000000000000004       0.67546310244259877     
   2.4199999999999999       0.66058116965381353     
   2.4399999999999995       0.64543498555698908     
   2.4600000000000009       0.63003062414121358     
   2.4800000000000004       0.61437425515453592     
   2.5000000000000000       0.59847214410395655     
   2.5199999999999996       0.58233065225543390     
   2.5400000000000009       0.56595623663388150     
   2.5600000000000005       0.54935545002317310     
   2.5800000000000001       0.53253494096613463     
   2.5999999999999996       0.51550145376455014     
   2.6200000000000010       0.49826182847915773     
   2.6400000000000006       0.48082300092965696     
   2.6600000000000001       0.46319200269469896     
   2.6799999999999997       0.44537596111189276     
   2.7000000000000011       0.42738209927780202     
   2.7200000000000006       0.40921773604795164     
   2.7400000000000002       0.39089028603681786     
   2.7599999999999998       0.37240725961783516     
   2.7800000000000011       0.35377626292339226     
   2.8000000000000007       0.33500499784483939     
   2.8200000000000003       0.31610126203247829     
   2.8399999999999999       0.29707294889556835     
   2.8599999999999994       0.27792804760232553     
   2.8800000000000008       0.25867464307992039     
   2.9000000000000004       0.23932091601448466     
   2.9199999999999999       0.21987514285110160     
   2.9399999999999995       0.20034569579381234     
   2.9600000000000009       0.18074104280561262     
   2.9800000000000004       0.16106974760845966     
   3.0000000000000000       0.14134046968326180     
   3.0199999999999996       0.12156196426988561     
   3.0400000000000009       0.10174308236715200     
   3.0600000000000005        8.1892770732843539E-002
   3.0800000000000001        6.2020071883693892E-002
   3.0999999999999996        4.2134124095394763E-002
   3.1200000000000010        2.2244161402592437E-002
   3.1400000000000006        2.3595135988947512E-003
   3.1600000000000001       -1.7510393763139367E-002
   3.1799999999999997       -3.7356039371992930E-002
   3.2000000000000011       -5.7167806157194377E-002
   3.2200000000000006       -7.6935981289310562E-002
   3.2400000000000002       -9.6650756179957290E-002
   3.2599999999999998      -0.11630222648179217     
   3.2800000000000011      -0.13588039208851865     
   3.3000000000000007      -0.15537515713487807     
   3.3200000000000003      -0.17477632999666104     
   3.3399999999999999      -0.19407362329070010     
   3.3599999999999994      -0.21325665387487119     
   3.3800000000000008      -0.23231494284809598     
   3.4000000000000004      -0.25123791555033448     
   3.4199999999999999      -0.27001490156259533     
   3.4399999999999995      -0.28863513470692986     
   3.4600000000000009      -0.30708775304643399     
   3.4800000000000004      -0.32536179888524258     
   3.5000000000000000      -0.34344621876853926     
   3.5199999999999996      -0.36132986348254970     
   3.5400000000000009      -0.37900148805454448     
   3.5600000000000005      -0.39644975175283348     
   3.5800000000000001      -0.41366321808677498     
   3.5999999999999996      -0.43063035480676903     
   3.6200000000000010      -0.44733953390426145     
   3.6400000000000006      -0.46377903161173656     
   3.6600000000000001      -0.47993702840272751     
   3.6799999999999997      -0.49580160899180903     
   3.7000000000000011      -0.51136076233460126     
   3.7200000000000006      -0.52660238162776396     
   3.7400000000000002      -0.54151426430900429     
   3.7599999999999998      -0.55608411205707231     
   3.7800000000000011      -0.57029953079176221     
   3.8000000000000007      -0.58414803067390930     
   3.8200000000000003      -0.59761702610539480     
   3.8399999999999999      -0.61069383572914371     
   3.8599999999999994      -0.62336568242912416     
   3.8800000000000008      -0.63561969333034840     
   3.9000000000000004      -0.64744289979887060     
   3.9199999999999999      -0.65882223744179058     
   3.9399999999999995      -0.66974454610725120     
   3.9600000000000009      -0.68019656988443966     
   3.9800000000000004      -0.69016495710358527     
   4.0000000000000000      -0.69963626033596160     
   4.0199999999999996      -0.70859693639388710     
   4.0400000000000009      -0.71703334633072346     
   4.0600000000000005      -0.72493175544087418     
   4.0800000000000001      -0.73227833325978831     
   4.0999999999999996      -0.73905915356395879     
   4.1200000000000010      -0.74526019437092172     
   4.1400000000000006      -0.75086733793925542     
   4.1600000000000001      -0.75586637076858409     
   4.1799999999999997      -0.76024298359957498     
   4.2000000000000011      -0.76398277141393856     
   4.2200000000000006      -0.76707123343442851     
   4.2400000000000002      -0.76949377312484413     
   4.2599999999999998      -0.77123569819002602     
   4.2800000000000011      -0.77228222057586038     
   4.3000000000000007      -0.77261845646927618     
   4.3200000000000003      -0.77222942629824554     
   4.3399999999999999      -0.77110005473178589     
   4.3599999999999994      -0.76921517067995682     
   4.3800000000000008      -0.76655950729386135     
   4.4000000000000004      -0.76311770196564854     
   4.4199999999999999      -0.75887429632850889     
   4.4399999999999995      -0.75381373625667680     
   4.4600000000000009      -0.74792037186543070     
   4.4800000000000004      -0.74117845751109435     
   4.5000000000000000      -0.73357215179103230     
   4.5199999999999996      -0.72508551754365436     
   4.5400000000000009      -0.71570252184841321     
   4.5600000000000005      -0.70540703602580690     
   4.5800000000000001      -0.69418283563737559     
   4.5999999999999996      -0.68201360048570325     
   4.6200000000000010      -0.66888291461441796     
   4.6400000000000006      -0.65477426630819202     
   4.6600000000000001      -0.63967104809274000     
   4.6799999999999997      -0.62355655673482102     
   4.7000000000000011      -0.60641399324223777     
   4.7200000000000006      -0.58822646286383695     
   4.7400000000000002      -0.56897697508950873     
   4.7599999999999998      -0.54864844365018672     
   4.7800000000000011      -0.52722368651784668     
   4.8000000000000007      -0.50468542590551246     
   4.8200000000000003      -0.48101628826724807     
   4.8399999999999999      -0.45619880429816106     
   4.8599999999999994      -0.43021540893440458     
   4.8800000000000008      -0.40304844135317031     
   4.9000000000000004      -0.37468014497270452     
   4.9199999999999999      -0.34509266745228706     
   4.9399999999999995      -0.31426806069224489     
   4.9600000000000009      -0.28218828083394543     
   4.9800000000000004      -0.24883518825980888     
   5.0000000000000000      -0.21419054759328993     
   5.0199999999999996      -0.17823602769889146     
   5.0400000000000009      -0.14095320168215353     
   5.0600000000000005      -0.10232354688967216     
   5.0800000000000001       -6.2328444909077296E-002
   5.0999999999999996       -2.0949181569045017E-002
   5.1200000000000010        2.1833053060708485E-002
   5.1400000000000006        6.6037164669411785E-002
   5.1600000000000001       0.11168215470526155     
   5.1799999999999997       0.15878712037540721     
   5.2000000000000011       0.20737125464595763     
   5.2200000000000006       0.25745384624196666     
   5.2400000000000002       0.30905427964745624     
   5.2599999999999998       0.36219203510539932     
   5.2800000000000011       0.41688668861773315     
   5.3000000000000007       0.47315791194533441     
   5.3200000000000003       0.53102547260805033     
   5.3399999999999999       0.59050923388468224     
   5.3599999999999994       0.65162915481298445     
   5.3800000000000008       0.71440529018967536     
   5.4000000000000004       0.77885779057041127     
   5.4199999999999999       0.84500690226982389     
   5.4399999999999995       0.91287296736149526     
   5.4600000000000009       0.98247642367796706     
   5.4800000000000004        1.0538378048107211     
   5.5000000000000000        1.1269777401102137     
   5.5199999999999996        1.2019169546858524     
   5.5400000000000009        1.2786762694060037     
   5.5600000000000005        1.3572766008979777     
   5.5800000000000001        1.4377389615480527     
   5.5999999999999996        1.5200844595014629     
   5.6200000000000010        1.6043342986624025     
   5.6400000000000006        1.6905097786940004     
   5.6600000000000001        1.7786322950183679     
   5.6799999999999997        1.8687233388165549     
   5.7000000000000011        1.9608044970285912     
   5.7200000000000006        2.0548974523534267     
   5.7400000000000002        2.1510239832489950     
   5.7599999999999998        2.2492059639321766     
   5.7800000000000011        2.3494653643788208     
   5.8000000000000007        2.4518242503237064     
   5.8200000000000003        2.5563047832605927     
   5.8399999999999999        2.6629292204421868     
   5.8600000000000012        2.7717199148801610     
   5.8800000000000008        2.8826993153451173     
   5.9000000000000004        2.9958899663666396     
   5.9199999999999999        3.1113145082332658     
   5.9399999999999995        3.2289956769924828     
   5.9600000000000009        3.3489563044507431     
   5.9800000000000004        3.4712193181734321     
   6.0000000000000000        3.5958077414849150     
   6.0199999999999996        3.7227446934685093     
   6.0399999999999991        3.8520533889664845     
   6.0599999999999987        3.9837571385800663     
   6.0800000000000018        4.1178793486694634     
   6.1000000000000014        4.2544435213537675     
   6.1200000000000010        4.3934732545110977     
   6.1400000000000006        4.5349922417785082     
   6.1600000000000001        4.6790242725520059     
   6.1799999999999997        4.8255932319865575     
   6.1999999999999993        4.9747231009960808     
   6.2199999999999989        5.1264379562534579     
   6.2400000000000020        5.2807619701905484     
   6.2600000000000016        5.4377194109980858     
   6.2800000000000011        5.5973346426258486     
   6.3000000000000007        5.7596321247825344     
   6.3200000000000003        5.9246364129358060     
   6.3399999999999999        6.0923721583122781     
   6.3599999999999994        6.2628641078975225     
   6.3799999999999990        6.4361371044360647     
   6.3999999999999986        6.6122160864313928     
   6.4200000000000017        6.7911260881459796     
   6.4400000000000013        6.9728922396011574     
   6.4600000000000009        7.1575397665773091     
   6.4800000000000004        7.3450939906137505     
   6.5000000000000000        7.5355803290087406     
   6.5199999999999996        7.7290242948195056     
   6.5399999999999991        7.9254514968622249     
   6.5599999999999987        8.1248876397120320     
   6.5800000000000018        8.3273585237030545     
   6.6000000000000014        8.5328900449282727     
   6.6200000000000010        8.7415081952397191     
   6.6400000000000006        8.9532390622483558     
   6.6600000000000001        9.1681088293241029     
   6.6799999999999997        9.3861437755958299     
   6.6999999999999993        9.6073702759513697     
   6.7199999999999989        9.8318148010375062     
   6.7400000000000020        10.059503917260018     
   6.7600000000000016        10.290464286783530     
   6.7800000000000011        10.524722667531734     
   6.8000000000000007        10.762305913187234     
   6.8200000000000003        11.003240973191605     
   6.8399999999999999        11.247554892745374     
   6.8599999999999994        11.495274812808013     
   6.8799999999999990        11.746427970097962     
   6.8999999999999986        12.001041697092612     
   6.9200000000000017        12.259143422028352     
   6.9400000000000013        12.520760668900408     
   6.9600000000000009        12.785921057463081     
   6.9800000000000004        13.054652303229584     
   7.0000000000000000        13.326982217472102     
   7.0199999999999996        13.602938707221753     
   7.0399999999999991        13.882549775268634     
   7.0599999999999987        14.165843520161781     
   7.0800000000000018        14.452848136209251     
   7.1000000000000014        14.743591913477896     
   7.1200000000000010        15.038103237793672     
   7.1400000000000006        15.336410590741453     
   7.1600000000000001        15.638542549665065     
   7.1799999999999997        15.944527787667285     
   7.1999999999999993        16.254395073609853     
   7.2199999999999989        16.568173272113466     
   7.2400000000000020        16.885891343557820     
   7.2600000000000016        17.207578344081419     
   7.2800000000000011        17.533263425581879     
   7.3000000000000007        17.862975835715716     
   7.3200000000000003        18.196744917898403     
   7.3399999999999999        18.534600111304378     
   7.3599999999999994        18.876570950867027     
   7.3799999999999990        19.222687067278699     
   7.4000000000000021        19.572978186990738     
   7.4200000000000017        19.927474132213298     
   7.4400000000000013        20.286204820915650     
   7.4600000000000009        20.649200266825954     
   7.4800000000000004        21.016490579431341     
   7.5000000000000000        21.388105963977900     
   7.5199999999999996        21.764076721470659     
   7.5399999999999991        22.144433248673607     
   7.5599999999999987        22.529206038109713     
   7.5800000000000018        22.918425678060945     
   7.6000000000000014        23.312122852568038     
   7.6200000000000010        23.710328341430856     
   7.6400000000000006        24.113073020208198     
   7.6600000000000001        24.520387860217788     
   7.6799999999999997        24.932303928536314     
   7.6999999999999993        25.348852387999433     
   7.7199999999999989        25.770064497201734     
   7.7400000000000020        26.195971610496851     
   7.7600000000000016        26.626605177997149     
   7.7800000000000011        27.061996745574177     
   7.8000000000000007        27.502177954858361     
   7.8200000000000003        27.947180543239082     
   7.8399999999999999        28.397036343864684     
   7.8599999999999994        28.851777285642459     
   7.8799999999999990        29.311435393238664     
   7.9000000000000021        29.776042787078577     
   7.9200000000000017        30.245631683346211     
   7.9400000000000013        30.720234393984768     
   7.9600000000000009        31.199883326696323     
   7.9800000000000004        31.684610984941912     
   8.0000000000000000        32.174449967941513     
   8.0199999999999996        32.669432970674094     
   8.0399999999999991        33.169592783877540     
   8.0599999999999987        33.674962294048711     
   8.0800000000000018        34.185574483443531     
   8.1000000000000014        34.701462430076575     
   8.1200000000000010        35.222659307721656     
   8.1400000000000006        35.749198385911470     
   8.1600000000000001        36.281113029937657     
   8.1799999999999997        36.818436700850810     
   8.1999999999999993        37.361202955460492     
   8.2199999999999989        37.909445446335184     
   8.2400000000000020        38.463197921802490     
   8.2600000000000016        39.022494225948606     
   8.2800000000000011        39.587368298619019     
   8.3000000000000007        40.157854175418059     
   8.3200000000000003        40.733985987709033     
   8.3399999999999999        41.315797962614162     
   8.3599999999999994        41.903324423014681     
   8.3799999999999990        42.496599787550736     
   8.4000000000000021        43.095658570621545     
   8.4200000000000017        43.700535382384970     
   8.4400000000000013        44.311264928758149     
   8.4600000000000009        44.927882011417076     
   8.4800000000000004        45.550421527796658     
   8.5000000000000000        46.178918471090839     
   8.5199999999999996        46.813407930252446     
   8.5399999999999991        47.453925089993305     
   8.5599999999999987        48.100505230784165     
   8.5800000000000018        48.753183728854864     
   8.6000000000000014        49.411996056193885     
   8.6200000000000010        50.076977780548951     
   8.6400000000000006        50.748164565426642     
   8.6600000000000001        51.425592170092536     
   8.6799999999999997        52.109296449571133     
   8.6999999999999993        52.799313354645875     
   8.7199999999999989        53.495678931859203     
   8.7400000000000020        54.198429323512599     
   8.7600000000000016        54.907600767666139     
   8.7800000000000011        55.623229598139261     
   8.8000000000000007        56.345352244510195     
   8.8200000000000003        57.074005232116129     
   8.8399999999999999        57.809225182053211     
   8.8599999999999994        58.551048811176564     
   8.8799999999999990        59.299512932100285     
   8.9000000000000021        60.054654453197507     
   8.9200000000000017        60.816510378599936     
   8.9400000000000013        61.585117808198653     
   8.9600000000000009        62.360513937643553     
   8.9800000000000004        63.142736058343480     
   9.0000000000000000        63.931821557466222     
   9.0199999999999996        64.727807917938577     
   9.0399999999999991        65.530732718446259     
   9.0599999999999987        66.340633633433924     
   9.0800000000000018        67.157548433105347     
   9.1000000000000014        67.981514983422827     
   9.1200000000000010        68.812571246108078     
   9.1400000000000006        69.650755278641583     
   9.1600000000000001        70.496105234262814     
   9.1799999999999997        71.348659361970164     
   9.1999999999999993        72.208456006521004     
   9.2199999999999989        73.075533608431641     
   9.2400000000000020        73.949930703977557     
   9.2600000000000016        74.831685925192645     
   9.2800000000000011        75.720837999870270     
   9.3000000000000007        76.617425751562578     
   9.3200000000000003        77.521488099580694     
   9.3399999999999999        78.433064058994646     
   9.3599999999999994        79.352192740633484     
   9.3799999999999990        80.278913351085180     
   9.4000000000000021        81.213265192696809     
   9.4200000000000017        82.155287663573958     
   9.4400000000000013        83.105020257581629     
   9.4600000000000009        84.062502564343617     
   9.4800000000000004        85.027774269242684     
   9.5000000000000000        86.000875153420523     
   9.5199999999999996        86.981845093777835     
   9.5399999999999991        87.970724062974256     
   9.5599999999999987        88.967552129428327     
   9.5800000000000018        89.972369457317768     
   9.6000000000000014        90.985216306578764     
   9.6200000000000010        92.006133032906945     
   9.6400000000000006        93.035160087756651     
   9.6600000000000001        94.072338018341298     
   9.6799999999999997        95.117707467633210     
   9.6999999999999993        96.171309174363643     
   9.7199999999999989        97.233183973022847     
   9.7400000000000020        98.303372793860177     
   9.7600000000000016        99.381916662883413     
   9.7800000000000011        100.46885670185989     
   9.8000000000000007        101.56423412831562     
   9.8200000000000003        102.66809025553560     
   9.8399999999999999        103.78046649256383     
   9.8599999999999994        104.90140434420326     
   9.8799999999999990        106.03094541101572     
   9.9000000000000021        107.16913138932232     
   9.9200000000000017        108.31600407120240     
   9.9400000000000013        109.47160534449492     
   9.9600000000000009        110.63597719279763     
   9.9800000000000004        111.80916169546714     
