  -10.000000000000000       -36.142855005655264     
  -9.9800000000000004       -36.009379583524513     
  -9.9600000000000009       -35.876143550171612     
  -9.9399999999999995       -35.743146905596554     
  -9.9199999999999999       -35.610389649799366     
  -9.9000000000000004       -35.477871782780042     
  -9.8800000000000008       -35.345593304538561     
  -9.8599999999999994       -35.213554215074936     
  -9.8399999999999999       -35.081754514389168     
  -9.8200000000000003       -34.950194202481264     
  -9.8000000000000007       -34.818873279351209     
  -9.7799999999999994       -34.687791744999004     
  -9.7599999999999998       -34.556949599424676     
  -9.7400000000000002       -34.426346842628185     
  -9.7200000000000006       -34.295983474609564     
  -9.6999999999999993       -34.165859495368785     
  -9.6799999999999997       -34.035974904905871     
  -9.6600000000000001       -33.906329703220813     
  -9.6400000000000006       -33.776923890313611     
  -9.6199999999999992       -33.647757466184260     
  -9.5999999999999996       -33.518830430832779     
  -9.5800000000000001       -33.390142784259140     
  -9.5600000000000005       -33.261694526463359     
  -9.5399999999999991       -33.133485657445434     
  -9.5199999999999996       -33.005516177205379     
  -9.5000000000000000       -32.877786085743168     
  -9.4800000000000004       -32.750295383058813     
  -9.4600000000000009       -32.623044069152321     
  -9.4399999999999995       -32.496032144023665     
  -9.4199999999999999       -32.369259607672888     
  -9.4000000000000004       -32.242726460099966     
  -9.3800000000000008       -32.116432701304902     
  -9.3599999999999994       -31.990378331287669     
  -9.3399999999999999       -31.864563350048314     
  -9.3200000000000003       -31.738987757586813     
  -9.3000000000000007       -31.613651553903168     
  -9.2799999999999994       -31.488554738997372     
  -9.2599999999999998       -31.363697312869437     
  -9.2400000000000002       -31.239079275519366     
  -9.2200000000000006       -31.114700626947148     
  -9.1999999999999993       -30.990561367152772     
  -9.1799999999999997       -30.866661496136260     
  -9.1600000000000001       -30.743001013897615     
  -9.1400000000000006       -30.619579920436820     
  -9.1199999999999992       -30.496398215753871     
  -9.0999999999999996       -30.373455899848793     
  -9.0800000000000001       -30.250752972721557     
  -9.0600000000000005       -30.128289434372189     
  -9.0399999999999991       -30.006065284800666     
  -9.0199999999999996       -29.884080524007011     
  -9.0000000000000000       -29.762335151991209     
  -8.9800000000000004       -29.640829168753264     
  -8.9600000000000009       -29.519562574293172     
  -8.9399999999999995       -29.398535368610933     
  -8.9199999999999999       -29.277747551706561     
  -8.9000000000000004       -29.157199123580035     
  -8.8799999999999990       -29.036890084231359     
  -8.8599999999999994       -28.916820433660561     
  -8.8399999999999999       -28.796990171867602     
  -8.8200000000000003       -28.677399298852507     
  -8.8000000000000007       -28.558047814615271     
  -8.7799999999999994       -28.438935719155879     
  -8.7599999999999998       -28.320063012474357     
  -8.7400000000000002       -28.201429694570681     
  -8.7200000000000006       -28.083035765444869     
  -8.6999999999999993       -27.964881225096896     
  -8.6799999999999997       -27.846966073526801     
  -8.6600000000000001       -27.729290310734555     
  -8.6400000000000006       -27.611853936720163     
  -8.6199999999999992       -27.494656951483623     
  -8.5999999999999996       -27.377699355024944     
  -8.5800000000000001       -27.260981147344125     
  -8.5600000000000005       -27.144502328441163     
  -8.5399999999999991       -27.028262898316044     
  -8.5199999999999996       -26.912262856968791     
  -8.5000000000000000       -26.796502204399395     
  -8.4800000000000004       -26.680980940607860     
  -8.4600000000000009       -26.565699065594174     
  -8.4399999999999995       -26.450656579358338     
  -8.4199999999999999       -26.335853481900372     
  -8.4000000000000004       -26.221289773220253     
  -8.3799999999999990       -26.106965453317983     
  -8.3599999999999994       -25.992880522193580     
  -8.3399999999999999       -25.879034979847042     
  -8.3200000000000003       -25.765428826278352     
  -8.3000000000000007       -25.652062061487516     
  -8.2799999999999994       -25.538934685474533     
  -8.2599999999999998       -25.426046698239411     
  -8.2400000000000002       -25.313398099782141     
  -8.2200000000000006       -25.200988890102742     
  -8.1999999999999993       -25.088819069201179     
  -8.1799999999999997       -24.976888637077483     
  -8.1600000000000001       -24.865197593731637     
  -8.1400000000000006       -24.753745939163657     
  -8.1199999999999992       -24.642533673373521     
  -8.0999999999999996       -24.531560796361255     
  -8.0800000000000001       -24.420827308126835     
  -8.0600000000000005       -24.310333208670272     
  -8.0399999999999991       -24.200078497991562     
  -8.0199999999999996       -24.090063176090716     
  -8.0000000000000000       -23.980287242967734     
  -7.9800000000000004       -23.870750698622597     
  -7.9600000000000000       -23.761453543055318     
  -7.9399999999999995       -23.652395776265884     
  -7.9199999999999999       -23.543577398254321     
  -7.9000000000000004       -23.434998409020615     
  -7.8799999999999999       -23.326658808564758     
  -7.8599999999999994       -23.218558596886755     
  -7.8399999999999999       -23.110697773986615     
  -7.8200000000000003       -23.003076339864336     
  -7.7999999999999998       -22.895694294519906     
  -7.7799999999999994       -22.788551637953326     
  -7.7599999999999998       -22.681648370164613     
  -7.7400000000000002       -22.574984491153749     
  -7.7199999999999998       -22.468560000920739     
  -7.6999999999999993       -22.362374899465596     
  -7.6799999999999997       -22.256429186788303     
  -7.6600000000000001       -22.150722862888870     
  -7.6400000000000006       -22.045255927767293     
  -7.6200000000000001       -21.940028381423570     
  -7.5999999999999996       -21.835040223857696     
  -7.5800000000000001       -21.730291455069690     
  -7.5600000000000005       -21.625782075059536     
  -7.5400000000000000       -21.521512083827229     
  -7.5199999999999996       -21.417481481372789     
  -7.5000000000000000       -21.313690267696206     
  -7.4800000000000004       -21.210138442797479     
  -7.4600000000000000       -21.106826006676606     
  -7.4399999999999995       -21.003752959333582     
  -7.4199999999999999       -20.900919300768422     
  -7.4000000000000004       -20.798325030981118     
  -7.3799999999999999       -20.695970149971664     
  -7.3599999999999994       -20.593854657740074     
  -7.3399999999999999       -20.491978554286341     
  -7.3200000000000003       -20.390341839610464     
  -7.2999999999999998       -20.288944513712440     
  -7.2799999999999994       -20.187786576592263     
  -7.2599999999999998       -20.086868028249960     
  -7.2400000000000002       -19.986188868685506     
  -7.2199999999999998       -19.885749097898898     
  -7.1999999999999993       -19.785548715890158     
  -7.1799999999999997       -19.685587722659275     
  -7.1600000000000001       -19.585866118206248     
  -7.1400000000000006       -19.486383902531070     
  -7.1200000000000001       -19.387141075633757     
  -7.0999999999999996       -19.288137637514289     
  -7.0800000000000001       -19.189373588172685     
  -7.0600000000000005       -19.090848927608938     
  -7.0400000000000000       -18.992563655823041     
  -7.0199999999999996       -18.894517772815007     
  -7.0000000000000000       -18.796711278584823     
  -6.9800000000000004       -18.699144173132503     
  -6.9600000000000000       -18.601816456458039     
  -6.9399999999999995       -18.504728128561418     
  -6.9199999999999999       -18.407879189442667     
  -6.9000000000000004       -18.311269639101774     
  -6.8799999999999999       -18.214899477538722     
  -6.8599999999999994       -18.118768704753535     
  -6.8399999999999999       -18.022877320746204     
  -6.8200000000000003       -17.927225325516734     
  -6.7999999999999998       -17.831812719065120     
  -6.7799999999999994       -17.736639501391352     
  -6.7599999999999998       -17.641705672495444     
  -6.7400000000000002       -17.547011232377400     
  -6.7199999999999998       -17.452556181037203     
  -6.6999999999999993       -17.358340518474865     
  -6.6799999999999997       -17.264364244690388     
  -6.6600000000000001       -17.170627359683763     
  -6.6400000000000006       -17.077129863454999     
  -6.6200000000000001       -16.983871756004088     
  -6.5999999999999996       -16.890853037331024     
  -6.5800000000000001       -16.798073707435826     
  -6.5600000000000005       -16.705533766318485     
  -6.5400000000000000       -16.613233213978990     
  -6.5199999999999996       -16.521172050417366     
  -6.5000000000000000       -16.429350275633592     
  -6.4800000000000004       -16.337767889627678     
  -6.4600000000000000       -16.246424892399613     
  -6.4399999999999995       -16.155321283949402     
  -6.4199999999999999       -16.064457064277057     
  -6.4000000000000004       -15.973832233382563     
  -6.3799999999999999       -15.883446791265921     
  -6.3599999999999994       -15.793300737927140     
  -6.3399999999999999       -15.703394073366219     
  -6.3200000000000003       -15.613726797583151     
  -6.2999999999999998       -15.524298910577940     
  -6.2799999999999994       -15.435110412350578     
  -6.2599999999999998       -15.346161302901084     
  -6.2400000000000002       -15.257451582229439     
  -6.2199999999999998       -15.168981250335644     
  -6.1999999999999993       -15.080750307219716     
  -6.1799999999999997       -14.992758752881645     
  -6.1600000000000001       -14.905006587321427     
  -6.1400000000000006       -14.817493810539066     
  -6.1200000000000001       -14.730220422534561     
  -6.0999999999999996       -14.643186423307906     
  -6.0800000000000001       -14.556391812859111     
  -6.0600000000000005       -14.469836591188177     
  -6.0400000000000000       -14.383520758295095     
  -6.0199999999999996       -14.297444314179867     
  -6.0000000000000000       -14.211607258842502     
  -5.9799999999999995       -14.126009592282992     
  -5.9600000000000000       -14.040651314501336     
  -5.9399999999999995       -13.955532425497530     
  -5.9199999999999999       -13.870652925271587     
  -5.9000000000000004       -13.786012813823501     
  -5.8799999999999999       -13.701612091153265     
  -5.8600000000000003       -13.617450757260892     
  -5.8399999999999999       -13.533528812146375     
  -5.8200000000000003       -13.449846255809716     
  -5.7999999999999998       -13.366403088250909     
  -5.7800000000000002       -13.283199309469959     
  -5.7599999999999998       -13.200234919466860     
  -5.7400000000000002       -13.117509918241623     
  -5.7199999999999998       -13.035024305794238     
  -5.7000000000000002       -12.952778082124714     
  -5.6799999999999997       -12.870771247233044     
  -5.6600000000000001       -12.789003801119234     
  -5.6399999999999997       -12.707475743783277     
  -5.6200000000000001       -12.626187075225181     
  -5.5999999999999996       -12.545137795444932     
  -5.5800000000000001       -12.464327904442545     
  -5.5599999999999996       -12.383757402218009     
  -5.5400000000000000       -12.303426288771332     
  -5.5199999999999996       -12.223334564102515     
  -5.5000000000000000       -12.143482228211555     
  -5.4799999999999995       -12.063869281098444     
  -5.4600000000000000       -11.984495722763199     
  -5.4399999999999995       -11.905361553205802     
  -5.4199999999999999       -11.826466772426265     
  -5.3999999999999995       -11.747811380424583     
  -5.3799999999999999       -11.669395377200757     
  -5.3600000000000003       -11.591218762754789     
  -5.3399999999999999       -11.513281537086675     
  -5.3200000000000003       -11.435583700196421     
  -5.2999999999999998       -11.358125252084015     
  -5.2800000000000002       -11.280906192749473     
  -5.2599999999999998       -11.203926522192784     
  -5.2400000000000002       -11.127186240413954     
  -5.2199999999999998       -11.050685347412976     
  -5.2000000000000002       -10.974423843189857     
  -5.1799999999999997       -10.898401727744593     
  -5.1600000000000001       -10.822619001077186     
  -5.1399999999999997       -10.747075663187637     
  -5.1200000000000001       -10.671771714075938     
  -5.0999999999999996       -10.596707153742102     
  -5.0800000000000001       -10.521881982186121     
  -5.0599999999999996       -10.447296199407994     
  -5.0400000000000000       -10.372949805407725     
  -5.0199999999999996       -10.298842800185311     
  -5.0000000000000000       -10.224975183740753     
  -4.9799999999999995       -10.151346956074050     
  -4.9600000000000000       -10.077958117185210     
  -4.9399999999999995       -10.004808667074215     
  -4.9199999999999999       -9.9318986057410861     
  -4.8999999999999995       -9.8592279331858066     
  -4.8799999999999999       -9.7867966494083909     
  -4.8600000000000003       -9.7146047544088265     
  -4.8399999999999999       -9.6426522481871189     
  -4.8200000000000003       -9.5709391307432696     
  -4.7999999999999998       -9.4994654020772735     
  -4.7800000000000002       -9.4282310621891359     
  -4.7599999999999998       -9.3572361110788513     
  -4.7400000000000002       -9.2864805487464253     
  -4.7199999999999998       -9.2159643751918559     
  -4.7000000000000002       -9.1456875904151431     
  -4.6799999999999997       -9.0756501944162835     
  -4.6600000000000001       -9.0058521871952806     
  -4.6399999999999997       -8.9362935687521379     
  -4.6200000000000001       -8.8669743390868483     
  -4.5999999999999996       -8.7978944981994154     
  -4.5800000000000001       -8.7290540460898391     
  -4.5599999999999996       -8.6604529827581178     
  -4.5400000000000000       -8.5920913082042549     
  -4.5199999999999996       -8.5239690224282469     
  -4.5000000000000000       -8.4560861254300974     
  -4.4799999999999995       -8.3884426172097974     
  -4.4600000000000000       -8.3210384977673613     
  -4.4399999999999995       -8.2538737671027782     
  -4.4199999999999999       -8.1869484252160518     
  -4.3999999999999995       -8.1202624721071803     
  -4.3799999999999999       -8.0538159077761655     
  -4.3600000000000003       -7.9876087322230092     
  -4.3399999999999999       -7.9216409454477068     
  -4.3200000000000003       -7.8559125474502638     
  -4.2999999999999998       -7.7904235382306712     
  -4.2800000000000002       -7.7251739177889398     
  -4.2599999999999998       -7.6601636861250624     
  -4.2400000000000002       -7.5953928432390443     
  -4.2199999999999998       -7.5308613891308767     
  -4.2000000000000002       -7.4665693238005701     
  -4.1799999999999997       -7.4025166472481176     
  -4.1600000000000001       -7.3387033594735227     
  -4.1399999999999997       -7.2751294604767835     
  -4.1200000000000001       -7.2117949502579020     
  -4.0999999999999996       -7.1486998288168726     
  -4.0800000000000001       -7.0858440961537026     
  -4.0599999999999996       -7.0232277522683866     
  -4.0400000000000000       -6.9608507971609299     
  -4.0199999999999996       -6.8987132308313273     
  -4.0000000000000000       -6.8368150532795831     
  -3.9799999999999995       -6.7751562645056911     
  -3.9600000000000000       -6.7137368645096602     
  -3.9399999999999995       -6.6525568532914798     
  -3.9199999999999999       -6.5916162308511623     
  -3.8999999999999995       -6.5309149971886953     
  -3.8799999999999999       -6.4704531523040894     
  -3.8599999999999994       -6.4102306961973348     
  -3.8399999999999999       -6.3502476288684413     
  -3.8200000000000003       -6.2905039503174027     
  -3.7999999999999998       -6.2309996605442164     
  -3.7800000000000002       -6.1717347595488912     
  -3.7599999999999998       -6.1127092473314182     
  -3.7400000000000002       -6.0539231238918063     
  -3.7199999999999998       -5.9953763892300449     
  -3.7000000000000002       -5.9370690433461446     
  -3.6799999999999997       -5.8790010862400983     
  -3.6600000000000001       -5.8211725179119078     
  -3.6399999999999997       -5.7635833383615731     
  -3.6200000000000001       -5.7062335475890960     
  -3.5999999999999996       -5.6491231455944746     
  -3.5800000000000001       -5.5922521323777108     
  -3.5599999999999996       -5.5356205079388010     
  -3.5400000000000000       -5.4792282722777506     
  -3.5199999999999996       -5.4230754253945523     
  -3.5000000000000000       -5.3671619672892135     
  -3.4799999999999995       -5.3114878979617286     
  -3.4600000000000000       -5.2560532174121013     
  -3.4399999999999995       -5.2008579256403298     
  -3.4199999999999999       -5.1459020226464158     
  -3.3999999999999995       -5.0911855084303559     
  -3.3799999999999999       -5.0367083829921535     
  -3.3599999999999994       -4.9824706463318051     
  -3.3399999999999999       -4.9284722984493161     
  -3.3200000000000003       -4.8747133393446855     
  -3.2999999999999998       -4.8211937690179072     
  -3.2800000000000002       -4.7679135874689846     
  -3.2599999999999998       -4.7148727946979196     
  -3.2400000000000002       -4.6620713907047104     
  -3.2199999999999998       -4.6095093754893570     
  -3.2000000000000002       -4.5571867490518612     
  -3.1799999999999997       -4.5051035113922211     
  -3.1600000000000001       -4.4532596625104368     
  -3.1399999999999997       -4.4016552024065083     
  -3.1200000000000001       -4.3502901310804374     
  -3.0999999999999996       -4.2991644485322205     
  -3.0800000000000001       -4.2482781547618629     
  -3.0599999999999996       -4.1976312497693593     
  -3.0400000000000000       -4.1472237335547133     
  -3.0199999999999996       -4.0970556061179213     
  -3.0000000000000000       -4.0471268674589886     
  -2.9799999999999995       -3.9974375175779100     
  -2.9600000000000000       -3.9479875564746898     
  -2.9399999999999995       -3.8987769841493218     
  -2.9199999999999999       -3.8498058006018150     
  -2.8999999999999995       -3.8010740058321586     
  -2.8799999999999999       -3.7525815998403651     
  -2.8599999999999994       -3.7043285826264229     
  -2.8399999999999999       -3.6563149541903401     
  -2.8200000000000003       -3.6085407145321122     
  -2.7999999999999998       -3.5610058636517401     
  -2.7800000000000002       -3.5137104015492238     
  -2.7599999999999998       -3.4666543282245632     
  -2.7400000000000002       -3.4198376436777620     
  -2.7199999999999998       -3.3732603479088130     
  -2.7000000000000002       -3.3269224409177234     
  -2.6799999999999997       -3.2808239227044877     
  -2.6600000000000001       -3.2349647932691115     
  -2.6399999999999997       -3.1893450526115874     
  -2.6200000000000001       -3.1439647007319227     
  -2.5999999999999996       -3.0988237376301129     
  -2.5800000000000001       -3.0539221633061597     
  -2.5599999999999996       -3.0092599777600624     
  -2.5400000000000000       -2.9648371809918226     
  -2.5199999999999996       -2.9206537730014359     
  -2.5000000000000000       -2.8767097537889086     
  -2.4799999999999995       -2.8330051233542353     
  -2.4600000000000000       -2.7895398816974204     
  -2.4399999999999995       -2.7463140288184595     
  -2.4199999999999999       -2.7033275647173571     
  -2.3999999999999995       -2.6605804893941087     
  -2.3799999999999999       -2.6180728028487188     
  -2.3599999999999994       -2.5758045050811829     
  -2.3399999999999999       -2.5337755960915054     
  -2.3200000000000003       -2.4919860758796828     
  -2.2999999999999998       -2.4504359444457169     
  -2.2800000000000002       -2.4091252017896068     
  -2.2599999999999998       -2.3680538479113533     
  -2.2400000000000002       -2.3272218828109557     
  -2.2199999999999998       -2.2866293064884138     
  -2.2000000000000002       -2.2462761189437304     
  -2.1799999999999997       -2.2061623201769001     
  -2.1600000000000001       -2.1662879101879282     
  -2.1399999999999997       -2.1266528889768122     
  -2.1200000000000001       -2.0872572565435519     
  -2.0999999999999996       -2.0481010128881474     
  -2.0800000000000001       -2.0091841580106005     
  -2.0599999999999996       -1.9705066919109084     
  -2.0400000000000000       -1.9320686145890731     
  -2.0199999999999996       -1.8938699260450935     
  -2.0000000000000000       -1.8559106262789724     
  -1.9800000000000004       -1.8181907152907062     
  -1.9599999999999991       -1.7807101930802940     
  -1.9399999999999995       -1.7434690596477411     
  -1.9199999999999999       -1.7064673149930440     
  -1.9000000000000004       -1.6697049591162028     
  -1.8799999999999990       -1.6331819920172155     
  -1.8599999999999994       -1.5968984136960866     
  -1.8399999999999999       -1.5608542241528154     
  -1.8200000000000003       -1.5250494233873990     
  -1.8000000000000007       -1.4894840113998402     
  -1.7799999999999994       -1.4541579881901328     
  -1.7599999999999998       -1.4190713537582855     
  -1.7400000000000002       -1.3842241081042959     
  -1.7200000000000006       -1.3496162512281611     
  -1.6999999999999993       -1.3152477831298790     
  -1.6799999999999997       -1.2811187038094571     
  -1.6600000000000001       -1.2472290132668915     
  -1.6400000000000006       -1.2135787115021808     
  -1.6199999999999992       -1.1801677985153236     
  -1.5999999999999996       -1.1469962743063276     
  -1.5800000000000001       -1.1140641388751860     
  -1.5600000000000005       -1.0813713922219010     
  -1.5399999999999991       -1.0489180343464701     
  -1.5199999999999996       -1.0167040652488968     
  -1.5000000000000000      -0.98472948492918100     
  -1.4800000000000004      -0.95299429338732100     
  -1.4599999999999991      -0.92149849062331413     
  -1.4399999999999995      -0.89024207663716748     
  -1.4199999999999999      -0.85922505142887573     
  -1.4000000000000004      -0.82844741499844066     
  -1.3799999999999990      -0.79790916734585871     
  -1.3599999999999994      -0.76761030847113609     
  -1.3399999999999999      -0.73755083837427016     
  -1.3200000000000003      -0.70773075705525912     
  -1.2999999999999989      -0.67815006451410298     
  -1.2799999999999994      -0.64880876075080529     
  -1.2599999999999998      -0.61970684576536428     
  -1.2400000000000002      -0.59084431955777950     
  -1.2200000000000006      -0.56222118212805006     
  -1.1999999999999993      -0.53383743347617418     
  -1.1799999999999997      -0.50569307360215765     
  -1.1600000000000001      -0.47778810250599735     
  -1.1400000000000006      -0.45012252018769328     
  -1.1199999999999992      -0.42269632664724277     
  -1.0999999999999996      -0.39550952188465116     
  -1.0800000000000001      -0.36856210589991534     
  -1.0600000000000005      -0.34185407869303663     
  -1.0399999999999991      -0.31538544026401105     
  -1.0199999999999996      -0.28915619061284481     
  -1.0000000000000000      -0.26316632973953391     
 -0.98000000000000043      -0.23741585764407969     
 -0.95999999999999908      -0.21190477432647903     
 -0.93999999999999950      -0.18663307978673727     
 -0.91999999999999993      -0.16160077402485129     
 -0.90000000000000036      -0.13680785704082199     
 -0.87999999999999901      -0.11225432883464670     
 -0.85999999999999943       -8.7940189406329861E-002
 -0.83999999999999986       -6.3865438755868809E-002
 -0.82000000000000028       -4.0030076883263987E-002
 -0.79999999999999893       -1.6434103788514065E-002
 -0.77999999999999936        6.9224805283778501E-003
 -0.75999999999999979        3.0039676067413978E-002
 -0.74000000000000021        5.2917482828593432E-002
 -0.72000000000000064        7.5555900811916654E-002
 -0.69999999999999929        9.7954930017386310E-002
 -0.67999999999999972       0.12011457044499707     
 -0.66000000000000014       0.14203482209475160     
 -0.64000000000000057       0.16371568496665034     
 -0.61999999999999922       0.18515715906069463     
 -0.59999999999999964       0.20635924437688047     
 -0.58000000000000007       0.22732194091521052     
 -0.56000000000000050       0.24804524867568389     
 -0.53999999999999915       0.26852916765830326     
 -0.51999999999999957       0.28877369786306417     
 -0.50000000000000000       0.30877883928996930     
 -0.48000000000000043       0.32854459193901775     
 -0.45999999999999908       0.34807095581021219     
 -0.43999999999999950       0.36735793090354818     
 -0.41999999999999993       0.38640551721902883     
 -0.40000000000000036       0.40521371475665235     
 -0.37999999999999901       0.42378252351642143     
 -0.35999999999999943       0.44211194349833249     
 -0.33999999999999986       0.46020197470238777     
 -0.32000000000000028       0.47805261712858682     
 -0.29999999999999893       0.49566387077693097     
 -0.27999999999999936       0.51303573564741756     
 -0.25999999999999979       0.53016821174004791     
 -0.24000000000000021       0.54706129905482159     
 -0.22000000000000064       0.56371499759173949     
 -0.19999999999999929       0.58012930735080248     
 -0.17999999999999972       0.59630422833200747     
 -0.16000000000000014       0.61223976053535667     
 -0.14000000000000057       0.62793590396084964     
 -0.11999999999999922       0.64339265860848771     
  -9.9999999999999645E-002  0.65861002447826777     
  -8.0000000000000071E-002  0.67358800157019205     
  -6.0000000000000497E-002  0.68832658988426010     
  -3.9999999999999147E-002  0.70282578942047302     
  -1.9999999999999574E-002  0.71708560017882861     
   0.0000000000000000       0.73110602215932796     
   1.9999999999999574E-002  0.74488705536197108     
   4.0000000000000924E-002  0.75842869978675931     
   6.0000000000000497E-002  0.77173095543368952     
   8.0000000000000071E-002  0.78479382230276395     
   9.9999999999999645E-002  0.79761730039398238     
  0.12000000000000099       0.81020138970734501     
  0.14000000000000057       0.82254609024285075     
  0.16000000000000014       0.83465140200050048     
  0.17999999999999972       0.84651732498029375     
  0.20000000000000107       0.85814385918223168     
  0.22000000000000064       0.86953100460631250     
  0.24000000000000021       0.88067876125253730     
  0.25999999999999979       0.89158712912090565     
  0.27999999999999936       0.90225610821141755     
  0.30000000000000071       0.91268569852407433     
  0.32000000000000028       0.92287590005887421     
  0.33999999999999986       0.93282671281581764     
  0.35999999999999943       0.94253813679490439     
  0.38000000000000078       0.95201017199613647     
  0.40000000000000036       0.96124281841951142     
  0.41999999999999993       0.97023607606502948     
  0.43999999999999950       0.97898994493269198     
  0.46000000000000085       0.98750442502249913     
  0.48000000000000043       0.99577951633444850     
  0.50000000000000000        1.0038152188685423     
  0.51999999999999957        1.0116115326247799     
  0.54000000000000092        1.0191684576031619     
  0.56000000000000050        1.0264859938036865     
  0.58000000000000007        1.0335641412263552     
  0.59999999999999964        1.0404028998711679     
  0.62000000000000099        1.0470022697381245     
  0.64000000000000057        1.0533622508272247     
  0.66000000000000014        1.0594828431384686     
  0.67999999999999972        1.0653640466718564     
  0.70000000000000107        1.0710058614273879     
  0.72000000000000064        1.0764082874050631     
  0.74000000000000021        1.0815713246048819     
  0.75999999999999979        1.0864949730268449     
  0.77999999999999936        1.0911792326709511     
  0.80000000000000071        1.0956241035372019     
  0.82000000000000028        1.0998295856255960     
  0.83999999999999986        1.1037956789361338     
  0.85999999999999943        1.1075223834688153     
  0.88000000000000078        1.1110096992236409     
  0.90000000000000036        1.1142576262006103     
  0.91999999999999993        1.1172661643997226     
  0.93999999999999950        1.1200353138209795     
  0.96000000000000085        1.1225650744643803     
  0.98000000000000043        1.1248554463299243     
   1.0000000000000000        1.1269064294176123     
   1.0199999999999996        1.1287180237274441     
   1.0400000000000009        1.1302902292594199     
   1.0600000000000005        1.1316230460135390     
   1.0800000000000001        1.1327164739898021     
   1.0999999999999996        1.1335705131882090     
   1.1200000000000010        1.1341851636087596     
   1.1400000000000006        1.1345604252514541     
   1.1600000000000001        1.1346962981162925     
   1.1799999999999997        1.1345927822032744     
   1.2000000000000011        1.1342498775123997     
   1.2200000000000006        1.1336675840436694     
   1.2400000000000002        1.1328459017970829     
   1.2599999999999998        1.1317848307726399     
   1.2799999999999994        1.1304843709703407     
   1.3000000000000007        1.1289445223901851     
   1.3200000000000003        1.1271652850321736     
   1.3399999999999999        1.1251466588963055     
   1.3599999999999994        1.1228886439825816     
   1.3800000000000008        1.1203912402910010     
   1.4000000000000004        1.1176544478215644     
   1.4199999999999999        1.1146782665742718     
   1.4399999999999995        1.1114626965491228     
   1.4600000000000009        1.1080077377461173     
   1.4800000000000004        1.1043133901652558     
   1.5000000000000000        1.1003796538065380     
   1.5199999999999996        1.0962065286699643     
   1.5400000000000009        1.0917940147555338     
   1.5600000000000005        1.0871421120632472     
   1.5800000000000001        1.0822508205931047     
   1.5999999999999996        1.0771201403451061     
   1.6200000000000010        1.0717500713192505     
   1.6400000000000006        1.0661406135155391     
   1.6600000000000001        1.0602917669339718     
   1.6799999999999997        1.0542035315745482     
   1.7000000000000011        1.0478759074372674     
   1.7200000000000006        1.0413088945221314     
   1.7400000000000002        1.0345024928291391     
   1.7599999999999998        1.0274567023582908     
   1.7799999999999994        1.0201715231095858     
   1.8000000000000007        1.0126469550830239     
   1.8200000000000003        1.0048829982786067     
   1.8399999999999999       0.99687965269633327     
   1.8599999999999994       0.98863691833620337     
   1.8800000000000008       0.98015479519821691     
   1.9000000000000004       0.97143328328237455     
   1.9199999999999999       0.96247238258867629     
   1.9399999999999995       0.95327209311712147     
   1.9600000000000009       0.94383241486770997     
   1.9800000000000004       0.93415334784044279     
   2.0000000000000000       0.92423489203531950     
   2.0199999999999996       0.91407704745233997     
   2.0400000000000009       0.90367981409150322     
   2.0600000000000005       0.89304319195281134     
   2.0800000000000001       0.88216718103626302     
   2.0999999999999996       0.87105178134185868     
   2.1200000000000010       0.85969699286959700     
   2.1400000000000006       0.84810281561948009     
   2.1600000000000001       0.83626924959150695     
   2.1799999999999997       0.82419629478567757     
   2.2000000000000011       0.81188395120199097     
   2.2200000000000006       0.79933221884044914     
   2.2400000000000002       0.78654109770105118     
   2.2599999999999998       0.77351058778379689     
   2.2800000000000011       0.76024068908868525     
   2.3000000000000007       0.74673140161571860     
   2.3200000000000003       0.73298272536489562     
   2.3399999999999999       0.71899466033621651     
   2.3599999999999994       0.70476720652968117     
   2.3800000000000008       0.69030036394528826     
   2.4000000000000004       0.67559413258304035     
   2.4199999999999999       0.66064851244293643     
   2.4399999999999995       0.64546350352497617     
   2.4600000000000009       0.63003910582915823     
   2.4800000000000004       0.61437531935548551     
   2.5000000000000000       0.59847214410395655     
   2.5199999999999996       0.58232958007457136     
   2.5400000000000009       0.56594762726732850     
   2.5600000000000005       0.54932628568223085     
   2.5800000000000001       0.53246555531927697     
   2.5999999999999996       0.51536543617846697     
   2.6200000000000010       0.49802592825979913     
   2.6400000000000006       0.48044703156327656     
   2.6600000000000001       0.46262874608889781     
   2.6799999999999997       0.44457107183666283     
   2.7000000000000011       0.42627400880656996     
   2.7200000000000006       0.40773755699862252     
   2.7400000000000002       0.38896171641281885     
   2.7599999999999998       0.36994648704915900     
   2.7800000000000011       0.35069186890764120     
   2.8000000000000007       0.33119786198826884     
   2.8200000000000003       0.31146446629104024     
   2.8399999999999999       0.29149168181595542     
   2.8599999999999994       0.27127950856301442     
   2.8800000000000008       0.25082794653221541     
   2.9000000000000004       0.23013699572356192     
   2.9199999999999999       0.20920665613705219     
   2.9399999999999995       0.18803692777268630     
   2.9600000000000009       0.16662781063046228     
   2.9800000000000004       0.14497930471038389     
   3.0000000000000000       0.12309141001244928     
   3.0199999999999996       0.10096412653665846     
   3.0400000000000009        7.8597454283009432E-002
   3.0600000000000005        5.5991393251506150E-002
   3.0800000000000001        3.3145943442146636E-002
   3.0999999999999996        1.0061104854930905E-002
   3.1200000000000010       -1.3263122510143097E-002
   3.1400000000000006       -3.6826738653071289E-002
   3.1600000000000001       -6.0629743573855699E-002
   3.1799999999999997       -8.4672137272496339E-002
   3.2000000000000011      -0.10895391974899538     
   3.2200000000000006      -0.13347509100334848     
   3.2400000000000002      -0.15823565103555778     
   3.2599999999999998      -0.18323559984562321     
   3.2800000000000011      -0.20847493743354728     
   3.3000000000000007      -0.23395366379932525     
   3.3200000000000003      -0.25967177894295945     
   3.3399999999999999      -0.28562928286444994     
   3.3599999999999994      -0.31182617556379660     
   3.3800000000000008      -0.33826245704100188     
   3.4000000000000004      -0.36493812729606101     
   3.4199999999999999      -0.39185318632897620     
   3.4399999999999995      -0.41900763413974779     
   3.4600000000000009      -0.44640147072837805     
   3.4800000000000004      -0.47403469609486204     
   3.5000000000000000      -0.50190731023920232     
   3.5199999999999996      -0.53001931316139883     
   3.5400000000000009      -0.55837070486145401     
   3.5600000000000005      -0.58696148533936299     
   3.5800000000000001      -0.61579165459512808     
   3.5999999999999996      -0.64486121262874940     
   3.6200000000000010      -0.67417015944022962     
   3.6400000000000006      -0.70371849502956341     
   3.6600000000000001      -0.73350621939675353     
   3.6799999999999997      -0.76353333254179989     
   3.7000000000000011      -0.79379983446470503     
   3.7200000000000006      -0.82430572516546374     
   3.7400000000000002      -0.85505100464407868     
   3.7599999999999998      -0.88603567290054985     
   3.7800000000000011      -0.91725972993488003     
   3.8000000000000007      -0.94872317574706377     
   3.8200000000000003      -0.98042601033710353     
   3.8399999999999999       -1.0123682337049995     
   3.8599999999999994       -1.0445498458507521     
   3.8800000000000008       -1.0769708467743633     
   3.9000000000000004       -1.1096312364758281     
   3.9199999999999999       -1.1425310149551491     
   3.9399999999999995       -1.1756701822123263     
   3.9600000000000009       -1.2090487382473625     
   3.9800000000000004       -1.2426666830602524     
   4.0000000000000000       -1.2765240166509981     
   4.0199999999999996       -1.3106207390196003     
   4.0400000000000009       -1.3449568501660618     
   4.0600000000000005       -1.3795323500903764     
   4.0800000000000001       -1.4143472387925471     
   4.0999999999999996       -1.4494015162725742     
   4.1200000000000010       -1.4846951825304606     
   4.1400000000000006       -1.5202282375662000     
   4.1600000000000001       -1.5560006813797957     
   4.1799999999999997       -1.5920125139712478     
   4.2000000000000011       -1.6282637353405591     
   4.2200000000000006       -1.6647543454877232     
   4.2400000000000002       -1.7014843444127441     
   4.2599999999999998       -1.7384537321156208     
   4.2800000000000011       -1.7756625085963571     
   4.3000000000000007       -1.8131106738549465     
   4.3200000000000003       -1.8507982278913919     
   4.3399999999999999       -1.8887251707056936     
   4.3599999999999994       -1.9268915022978517     
   4.3800000000000008       -1.9652972226678691     
   4.4000000000000004       -2.0039423318157397     
   4.4199999999999999       -2.0428268297414665     
   4.4399999999999995       -2.0819507164450490     
   4.4600000000000009       -2.1213139919264914     
   4.4800000000000004       -2.1609166561857869     
   4.5000000000000000       -2.2007587092229386     
   4.5199999999999996       -2.2408401510379461     
   4.5400000000000009       -2.2811609816308138     
   4.5600000000000005       -2.3217212010015342     
   4.5800000000000001       -2.3625208091501104     
   4.5999999999999996       -2.4035598060765428     
   4.6200000000000010       -2.4448381917808359     
   4.6400000000000006       -2.4863559662629813     
   4.6600000000000001       -2.5281131295229820     
   4.6799999999999997       -2.5701096815608393     
   4.7000000000000011       -2.6123456223765573     
   4.7200000000000006       -2.6548209519701271     
   4.7400000000000002       -2.6975356703415532     
   4.7599999999999998       -2.7404897774908354     
   4.7800000000000011       -2.7836832734179784     
   4.8000000000000007       -2.8271161581229736     
   4.8200000000000003       -2.8707884316058245     
   4.8399999999999999       -2.9147000938665317     
   4.8599999999999994       -2.9588511449050960     
   4.8800000000000008       -3.0032415847215193     
   4.9000000000000004       -3.0478714133157951     
   4.9199999999999999       -3.0927406306879277     
   4.9399999999999995       -3.1378492368379165     
   4.9600000000000009       -3.1831972317657646     
   4.9800000000000004       -3.2287846154714659     
   5.0000000000000000       -3.2746113879550229     
   5.0199999999999996       -3.3206775492164367     
   5.0400000000000009       -3.3669830992557106     
   5.0600000000000005       -3.4135280380728363     
   5.0800000000000001       -3.4603123656678183     
   5.0999999999999996       -3.5073360820406565     
   5.1200000000000010       -3.5545991871913554     
   5.1400000000000006       -3.6021016811199060     
   5.1600000000000001       -3.6498435638263129     
   5.1799999999999997       -3.6978248353105760     
   5.2000000000000011       -3.7460454955726998     
   5.2200000000000006       -3.7945055446126754     
   5.2400000000000002       -3.8432049824305072     
   5.2599999999999998       -3.8921438090261957     
   5.2800000000000011       -3.9413220243997440     
   5.3000000000000007       -3.9907396285511449     
   5.3200000000000003       -4.0403966214804026     
   5.3399999999999999       -4.0902930031875151     
   5.3599999999999994       -4.1404287736724843     
   5.3800000000000008       -4.1908039329353137     
   5.4000000000000004       -4.2414184809759963     
   5.4199999999999999       -4.2922724177945337     
   5.4399999999999995       -4.3433657433909278     
   5.4600000000000009       -4.3946984577651822     
   5.4800000000000004       -4.4462705609172897     
   5.5000000000000000       -4.4980820528472520     
   5.5199999999999996       -4.5501329335550711     
   5.5400000000000009       -4.6024232030407513     
   5.5600000000000005       -4.6549528613042828     
   5.5800000000000001       -4.7077219083456701     
   5.5999999999999996       -4.7607303441649140     
   5.6200000000000010       -4.8139781687620191     
   5.6400000000000006       -4.8674653821369755     
   5.6600000000000001       -4.9211919842897878     
   5.6799999999999997       -4.9751579752204567     
   5.7000000000000011       -5.0293633549289876     
   5.7200000000000006       -5.0838081234153680     
   5.7400000000000002       -5.1384922806796052     
   5.7599999999999998       -5.1934158267216999     
   5.7800000000000011       -5.2485787615416548     
   5.8000000000000007       -5.3039810851394602     
   5.8200000000000003       -5.3596227975151232     
   5.8399999999999999       -5.4155038986686419     
   5.8600000000000012       -5.4716243886000218     
   5.8800000000000008       -5.5279842673092521     
   5.9000000000000004       -5.5845835347963408     
   5.9199999999999999       -5.6414221910612836     
   5.9399999999999995       -5.6985002361040831     
   5.9600000000000009       -5.7558176699247445     
   5.9800000000000004       -5.8133744925232573     
   6.0000000000000000       -5.8711707038996259     
   6.0199999999999996       -5.9292063040538503     
   6.0399999999999991       -5.9874812929859305     
   6.0599999999999987       -6.0459956706958682     
   6.0800000000000018       -6.1047494371836724     
   6.1000000000000014       -6.1637425924493217     
   6.1200000000000010       -6.2229751364928276     
   6.1400000000000006       -6.2824470693141894     
   6.1600000000000001       -6.3421583909134078     
   6.1799999999999997       -6.4021091012904812     
   6.1999999999999993       -6.4622992004454129     
   6.2199999999999989       -6.5227286883781996     
   6.2400000000000020       -6.5833975650888537     
   6.2600000000000016       -6.6443058305773537     
   6.2800000000000011       -6.7054534848437086     
   6.3000000000000007       -6.7668405278879202     
   6.3200000000000003       -6.8284669597099885     
   6.3399999999999999       -6.8903327803099135     
   6.3599999999999994       -6.9524379896876933     
   6.3799999999999990       -7.0147825878433299     
   6.3999999999999986       -7.0773665747768231     
   6.4200000000000017       -7.1401899504881836     
   6.4400000000000013       -7.2032527149773884     
   6.4600000000000009       -7.2665548682444507     
   6.4800000000000004       -7.3300964102893689     
   6.5000000000000000       -7.3938773411121428     
   6.5199999999999996       -7.4578976607127725     
   6.5399999999999991       -7.5221573690912598     
   6.5599999999999987       -7.5866564662476019     
   6.5800000000000018       -7.6513949521818123     
   6.6000000000000014       -7.7163728268938687     
   6.6200000000000010       -7.7815900903837800     
   6.6400000000000006       -7.8470467426515471     
   6.6600000000000001       -7.9127427836971718     
   6.6799999999999997       -7.9786782135206513     
   6.6999999999999993       -8.0448530321219884     
   6.7199999999999989       -8.1112672395011813     
   6.7400000000000020       -8.1779208356582416     
   6.7600000000000016       -8.2448138205931478     
   6.7800000000000011       -8.3119461943059072     
   6.8000000000000007       -8.3793179567965250     
   6.8200000000000003       -8.4469291080649995     
   6.8399999999999999       -8.5147796481113289     
   6.8599999999999994       -8.5828695769355150     
   6.8799999999999990       -8.6511988945375577     
   6.8999999999999986       -8.7197676009174554     
   6.9200000000000017       -8.7885756960752239     
   6.9400000000000013       -8.8576231800108332     
   6.9600000000000009       -8.9269100527243008     
   6.9800000000000004       -8.9964363142156252     
   7.0000000000000000       -9.0662019644848044     
   7.0199999999999996       -9.1362070035318403     
   7.0399999999999991       -9.2064514313567329     
   7.0599999999999987       -9.2769352479594822     
   7.0800000000000018       -9.3476584533400988     
   7.1000000000000014       -9.4186210474985597     
   7.1200000000000010       -9.4898230304348772     
   7.1400000000000006       -9.5612644021490496     
   7.1600000000000001       -9.6329451626410787     
   7.1799999999999997       -9.7048653119109645     
   7.1999999999999993       -9.7770248499587069     
   7.2199999999999989       -9.8494237767843060     
   7.2400000000000020       -9.9220620923877725     
   7.2600000000000016       -9.9949397967690849     
   7.2800000000000011       -10.068056889928251     
   7.3000000000000007       -10.141413371865273     
   7.3200000000000003       -10.215009242580152     
   7.3399999999999999       -10.288844502072889     
   7.3599999999999994       -10.362919150343480     
   7.3799999999999990       -10.437233187391929     
   7.4000000000000021       -10.511786613218245     
   7.4200000000000017       -10.586579427822407     
   7.4400000000000013       -10.661611631204423     
   7.4600000000000009       -10.736883223364297     
   7.4800000000000004       -10.812394204302025     
   7.5000000000000000       -10.888144574017611     
   7.5199999999999996       -10.964134332511051     
   7.5399999999999991       -11.040363479782350     
   7.5599999999999987       -11.116832015831504     
   7.5800000000000018       -11.193539940658528     
   7.6000000000000014       -11.270487254263395     
   7.6200000000000010       -11.347673956646119     
   7.6400000000000006       -11.425100047806698     
   7.6600000000000001       -11.502765527745133     
   7.6799999999999997       -11.580670396461421     
   7.6999999999999993       -11.658814653955570     
   7.7199999999999989       -11.737198300227575     
   7.7400000000000020       -11.815821335277448     
   7.7600000000000016       -11.894683759105167     
   7.7800000000000011       -11.973785571710739     
   7.8000000000000007       -12.053126773094167     
   7.8200000000000003       -12.132707363255452     
   7.8399999999999999       -12.212527342194594     
   7.8599999999999994       -12.292586709911589     
   7.8799999999999990       -12.372885466406444     
   7.9000000000000021       -12.453423611679167     
   7.9200000000000017       -12.534201145729735     
   7.9400000000000013       -12.615218068558157     
   7.9600000000000009       -12.696474380164435     
   7.9800000000000004       -12.777970080548570     
   8.0000000000000000       -12.859705169710562     
   8.0199999999999996       -12.941679647650409     
   8.0399999999999991       -13.023893514368112     
   8.0599999999999987       -13.106346769863672     
   8.0800000000000018       -13.189039414137103     
   8.1000000000000014       -13.271971447188374     
   8.1200000000000010       -13.355142869017502     
   8.1400000000000006       -13.438553679624489     
   8.1600000000000001       -13.522203879009329     
   8.1799999999999997       -13.606093467172027     
   8.1999999999999993       -13.690222444112580     
   8.2199999999999989       -13.774590809830990     
   8.2400000000000020       -13.859198564327269     
   8.2600000000000016       -13.944045707601390     
   8.2800000000000011       -14.029132239653370     
   8.3000000000000007       -14.114458160483204     
   8.3200000000000003       -14.200023470090896     
   8.3399999999999999       -14.285828168476440     
   8.3599999999999994       -14.371872255639843     
   8.3799999999999990       -14.458155731581105     
   8.4000000000000021       -14.544678596300233     
   8.4200000000000017       -14.631440849797206     
   8.4400000000000013       -14.718442492072034     
   8.4600000000000009       -14.805683523124721     
   8.4800000000000004       -14.893163942955260     
   8.5000000000000000       -14.980883751563656     
   8.5199999999999996       -15.068842948949909     
   8.5399999999999991       -15.157041535114018     
   8.5599999999999987       -15.245479510055983     
   8.5800000000000018       -15.334156873775822     
   8.6000000000000014       -15.423073626273498     
   8.6200000000000010       -15.512229767549034     
   8.6400000000000006       -15.601625297602423     
   8.6600000000000001       -15.691260216433669     
   8.6799999999999997       -15.781134524042773     
   8.6999999999999993       -15.871248220429731     
   8.7199999999999989       -15.961601305594547     
   8.7400000000000020       -16.052193779537234     
   8.7600000000000016       -16.143025642257761     
   8.7800000000000011       -16.234096893756146     
   8.8000000000000007       -16.325407534032387     
   8.8200000000000003       -16.416957563086484     
   8.8399999999999999       -16.508746980918435     
   8.8599999999999994       -16.600775787528242     
   8.8799999999999990       -16.693043982915906     
   8.9000000000000021       -16.785551567081448     
   8.9200000000000017       -16.878298540024822     
   8.9400000000000013       -16.971284901746060     
   8.9600000000000009       -17.064510652245147     
   8.9800000000000004       -17.157975791522091     
   9.0000000000000000       -17.251680319576895     
   9.0199999999999996       -17.345624236409556     
   9.0399999999999991       -17.439807542020070     
   9.0599999999999987       -17.534230236408440     
   9.0800000000000018       -17.628892319574682     
   9.1000000000000014       -17.723793791518766     
   9.1200000000000010       -17.818934652240706     
   9.1400000000000006       -17.914314901740504     
   9.1600000000000001       -18.009934540018154     
   9.1799999999999997       -18.105793567073665     
   9.1999999999999993       -18.201891982907028     
   9.2199999999999989       -18.298229787518249     
   9.2400000000000020       -18.394806980907340     
   9.2600000000000016       -18.491623563074278     
   9.2800000000000011       -18.588679534019068     
   9.3000000000000007       -18.685974893741712     
   9.3200000000000003       -18.783509642242215     
   9.3399999999999999       -18.881283779520572     
   9.3599999999999994       -18.979297305576786     
   9.3799999999999990       -19.077550220410856     
   9.4000000000000021       -19.176042524022801     
   9.4200000000000017       -19.274774216412585     
   9.4400000000000013       -19.373745297580225     
   9.4600000000000009       -19.472955767525722     
   9.4800000000000004       -19.572405626249072     
   9.5000000000000000       -19.672094873750279     
   9.5199999999999996       -19.772023510029342     
   9.5399999999999991       -19.872191535086266     
   9.5599999999999987       -19.972598948921039     
   9.5800000000000018       -20.073245751533690     
   9.6000000000000014       -20.174131942924181     
   9.6200000000000010       -20.275257523092527     
   9.6400000000000006       -20.376622492038727     
   9.6600000000000001       -20.478226849762784     
   9.6799999999999997       -20.580070596264701     
   9.6999999999999993       -20.682153731544467     
   9.7199999999999989       -20.784476255602094     
   9.7400000000000020       -20.887038168437595     
   9.7600000000000016       -20.989839470050935     
   9.7800000000000011       -21.092880160442132     
   9.8000000000000007       -21.196160239611181     
   9.8200000000000003       -21.299679707558088     
   9.8399999999999999       -21.403438564282855     
   9.8599999999999994       -21.507436809785471     
   9.8799999999999990       -21.611674444065951     
   9.9000000000000021       -21.716151467124302     
   9.9200000000000017       -21.820867878960492     
   9.9400000000000013       -21.925823679574535     
   9.9600000000000009       -22.031018868966438     
   9.9800000000000004       -22.136453447136194     
