  -10.000000000000000        7.8599367573674892E+031
  -9.9800000000000004        7.7505556810659589E+031
  -9.9600000000000009        7.6424819309095795E+031
  -9.9399999999999995        7.5357024598705344E+031
  -9.9199999999999999        7.4302043252964183E+031
  -9.9000000000000004        7.3259746882826689E+031
  -9.8800000000000008        7.2230008130476456E+031
  -9.8599999999999994        7.1212700663101123E+031
  -9.8399999999999999        7.0207699166693401E+031
  -9.8200000000000003        6.9214879339875774E+031
  -9.8000000000000007        6.8234117887751520E+031
  -9.7799999999999994        6.7265292515779688E+031
  -9.7599999999999998        6.6308281923676088E+031
  -9.7400000000000002        6.5362965799337606E+031
  -9.7200000000000006        6.4429224812792577E+031
  -9.6999999999999993        6.3506940610175511E+031
  -9.6799999999999997        6.2595995807726488E+031
  -9.6600000000000001        6.1696273985814890E+031
  -9.6400000000000006        6.0807659682988275E+031
  -9.6199999999999992        5.9930038390045417E+031
  -9.5999999999999996        5.9063296544134275E+031
  -9.5800000000000001        5.8207321522873473E+031
  -9.5600000000000005        5.7362001638499329E+031
  -9.5399999999999991        5.6527226132036346E+031
  -9.5199999999999996        5.5702885167492642E+031
  -9.5000000000000000        5.4888869826078894E+031
  -9.4800000000000004        5.4085072100452146E+031
  -9.4600000000000009        5.3291384888983443E+031
  -9.4399999999999995        5.2507701990049385E+031
  -9.4199999999999999        5.1733918096348336E+031
  -9.4000000000000004        5.0969928789239716E+031
  -9.3800000000000008        5.0215630533107941E+031
  -9.3599999999999994        4.9470920669750027E+031
  -9.3399999999999999        4.8735697412787064E+031
  -9.3200000000000003        4.8009859842099178E+031
  -9.3000000000000007        4.7293307898284615E+031
  -9.2799999999999994        4.6585942377142355E+031
  -9.2599999999999998        4.5887664924178438E+031
  -9.2400000000000002        4.5198378029135593E+031
  -9.2200000000000006        4.4517985020546629E+031
  -9.1999999999999993        4.3846390060311308E+031
  -9.1799999999999997        4.3183498138296719E+031
  -9.1600000000000001        4.2529215066960630E+031
  -9.1400000000000006        4.1883447475998569E+031
  -9.1199999999999992        4.1246102807014043E+031
  -9.0999999999999996        4.0617089308212114E+031
  -9.0800000000000001        3.9996316029115778E+031
  -9.0600000000000005        3.9383692815305816E+031
  -9.0399999999999991        3.8779130303183595E+031
  -9.0199999999999996        3.8182539914757065E+031
  -9.0000000000000000        3.7593833852449216E+031
  -8.9800000000000004        3.7012925093930098E+031
  -8.9600000000000009        3.6439727386971229E+031
  -8.9399999999999995        3.5874155244323133E+031
  -8.9199999999999999        3.5316123938615517E+031
  -8.9000000000000004        3.4765549497279976E+031
  -8.8799999999999990        3.4222348697495698E+031
  -8.8599999999999994        3.3686439061157727E+031
  -8.8399999999999999        3.3157738849867482E+031
  -8.8200000000000003        3.2636167059946071E+031
  -8.8000000000000007        3.2121643417470155E+031
  -8.7799999999999994        3.1614088373329808E+031
  -8.7599999999999998        3.1113423098309322E+031
  -8.7400000000000002        3.0619569478189696E+031
  -8.7200000000000006        3.0132450108873852E+031
  -8.6999999999999993        2.9651988291533855E+031
  -8.6799999999999997        2.9178108027780466E+031
  -8.6600000000000001        2.8710734014854386E+031
  -8.6400000000000006        2.8249791640840145E+031
  -8.6199999999999992        2.7795206979901459E+031
  -8.5999999999999996        2.7346906787539039E+031
  -8.5800000000000001        2.6904818495869747E+031
  -8.5600000000000005        2.6468870208928141E+031
  -8.5399999999999991        2.6038990697989434E+031
  -8.5199999999999996        2.5615109396914522E+031
  -8.5000000000000000        2.5197156397516390E+031
  -8.4800000000000004        2.4785062444948400E+031
  -8.4600000000000009        2.4378758933114118E+031
  -8.4399999999999995        2.3978177900098643E+031
  -8.4199999999999999        2.3583252023621617E+031
  -8.4000000000000004        2.3193914616511333E+031
  -8.3799999999999990        2.2810099622200568E+031
  -8.3599999999999994        2.2431741610243682E+031
  -8.3399999999999999        2.2058775771854896E+031
  -8.3200000000000003        2.1691137915467918E+031
  -8.3000000000000007        2.1328764462316779E+031
  -8.2799999999999994        2.0971592442037711E+031
  -8.2599999999999998        2.0619559488292329E+031
  -8.2400000000000002        2.0272603834411532E+031
  -8.2200000000000006        1.9930664309060685E+031
  -8.1999999999999993        1.9593680331925584E+031
  -8.1799999999999997        1.9261591909419451E+031
  -8.1600000000000001        1.8934339630410578E+031
  -8.1400000000000006        1.8611864661970907E+031
  -8.1199999999999992        1.8294108745145276E+031
  -8.0999999999999996        1.7981014190741509E+031
  -8.0800000000000001        1.7672523875140806E+031
  -8.0600000000000005        1.7368581236129103E+031
  -8.0399999999999991        1.7069130268748664E+031
  -8.0199999999999996        1.6774115521170503E+031
  -8.0000000000000000        1.6483482090586741E+031
  -7.9800000000000004        1.6197175619123834E+031
  -7.9600000000000000        1.5915142289775860E+031
  -7.9399999999999995        1.5637328822358193E+031
  -7.9199999999999999        1.5363682469481367E+031
  -7.9000000000000004        1.5094151012545095E+031
  -7.8799999999999999        1.4828682757752488E+031
  -7.8599999999999994        1.4567226532144327E+031
  -7.8399999999999999        1.4309731679653369E+031
  -7.8200000000000003        1.4056148057178548E+031
  -7.7999999999999998        1.3806426030679229E+031
  -7.7799999999999994        1.3560516471289310E+031
  -7.7599999999999998        1.3318370751451080E+031
  -7.7400000000000002        1.3079940741068884E+031
  -7.7199999999999998        1.2845178803682559E+031
  -7.6999999999999993        1.2614037792660517E+031
  -7.6799999999999997        1.2386471047412424E+031
  -7.6600000000000001        1.2162432389621460E+031
  -7.6400000000000006        1.1941876119496141E+031
  -7.6200000000000001        1.1724757012041557E+031
  -7.5999999999999996        1.1511030313350096E+031
  -7.5800000000000001        1.1300651736911462E+031
  -7.5600000000000005        1.1093577459942060E+031
  -7.5400000000000000        1.0889764119733636E+031
  -7.5199999999999996        1.0689168810021153E+031
  -7.5000000000000000        1.0491749077369807E+031
  -7.4800000000000004        1.0297462917581158E+031
  -7.4600000000000000        1.0106268772118342E+031
  -7.4399999999999995        9.9181255245503236E+030
  -7.4199999999999999        9.7329924970150579E+030
  -7.4000000000000004        9.5508294467015769E+030
  -7.3799999999999999        9.3715965623509782E+030
  -7.3599999999999994        9.1952544607761938E+030
  -7.3399999999999999        9.0217641834005373E+030
  -7.3200000000000003        8.8510871928149163E+030
  -7.2999999999999998        8.6831853693537625E+030
  -7.2799999999999994        8.5180210076895581E+030
  -7.2599999999999998        8.3555568134459095E+030
  -7.2400000000000002        8.1957558998290810E+030
  -7.2199999999999998        8.0385817842780957E+030
  -7.1999999999999993        7.8839983851331483E+030
  -7.1799999999999997        7.7319700183224309E+030
  -7.1600000000000001        7.5824613940671862E+030
  -7.1400000000000006        7.4354376136051292E+030
  -7.1200000000000001        7.2908641659319658E+030
  -7.0999999999999996        7.1487069245611381E+030
  -7.0800000000000001        7.0089321443016358E+030
  -7.0600000000000005        6.8715064580538440E+030
  -7.0400000000000000        6.7363968736234297E+030
  -7.0199999999999996        6.6035707705531770E+030
  -7.0000000000000000        6.4729958969726906E+030
  -6.9800000000000004        6.3446403664659479E+030
  -6.9600000000000000        6.2184726549566854E+030
  -6.9399999999999995        6.0944615976115117E+030
  -6.9199999999999999        5.9725763857607224E+030
  -6.9000000000000004        5.8527865638367244E+030
  -6.8799999999999999        5.7350620263301043E+030
  -6.8599999999999994        5.6193730147632434E+030
  -6.8399999999999999        5.5056901146813762E+030
  -6.8200000000000003        5.3939842526611272E+030
  -6.7999999999999998        5.2842266933364247E+030
  -6.7799999999999994        5.1763890364418013E+030
  -6.7599999999999998        5.0704432138729153E+030
  -6.7400000000000002        4.9663614867643502E+030
  -6.7199999999999998        4.8641164425845927E+030
  -6.6999999999999993        4.7636809922481912E+030
  -6.6799999999999997        4.6650283672449284E+030
  -6.6600000000000001        4.5681321167860789E+030
  -6.6400000000000006        4.4729661049676530E+030
  -6.6200000000000001        4.3795045079505584E+030
  -6.5999999999999996        4.2877218111576608E+030
  -6.5800000000000001        4.1975928064876792E+030
  -6.5600000000000005        4.1090925895458417E+030
  -6.5400000000000000        4.0221965568913004E+030
  -6.5199999999999996        3.9368804033012326E+030
  -6.5000000000000000        3.8531201190515499E+030
  -6.4800000000000004        3.7708919872141955E+030
  -6.4600000000000000        3.6901725809709778E+030
  -6.4399999999999995        3.6109387609438917E+030
  -6.4199999999999999        3.5331676725418575E+030
  -6.4000000000000004        3.4568367433238173E+030
  -6.3799999999999999        3.3819236803781954E+030
  -6.3599999999999994        3.3084064677186304E+030
  -6.3399999999999999        3.2362633636959134E+030
  -6.3200000000000003        3.1654728984260966E+030
  -6.2999999999999998        3.0960138712347553E+030
  -6.2799999999999994        3.0278653481173196E+030
  -6.2599999999999998        2.9610066592153975E+030
  -6.2400000000000002        2.8954173963091015E+030
  -6.2199999999999998        2.8310774103252803E+030
  -6.1999999999999993        2.7679668088616445E+030
  -6.1799999999999997        2.7060659537266835E+030
  -6.1600000000000001        2.6453554584953582E+030
  -6.1400000000000006        2.5858161860805361E+030
  -6.1200000000000001        2.5274292463200632E+030
  -6.0999999999999996        2.4701759935794769E+030
  -6.0800000000000001        2.4140380243702772E+030
  -6.0600000000000005        2.3589971749837003E+030
  -6.0400000000000000        2.3050355191399809E+030
  -6.0199999999999996        2.2521353656530237E+030
  -6.0000000000000000        2.2002792561104234E+030
  -5.9799999999999995        2.1494499625688077E+030
  -5.9600000000000000        2.0996304852644528E+030
  -5.9399999999999995        2.0508040503390933E+030
  -5.9199999999999999        2.0029541075809089E+030
  -5.9000000000000004        1.9560643281806023E+030
  -5.8799999999999999        1.9101186025025570E+030
  -5.8600000000000003        1.8651010378709989E+030
  -5.8399999999999999        1.8209959563710963E+030
  -5.8200000000000003        1.7777878926650092E+030
  -5.7999999999999998        1.7354615918227403E+030
  -5.7800000000000002        1.6940020071678489E+030
  -5.7599999999999998        1.6533942981378752E+030
  -5.7400000000000002        1.6136238281594984E+030
  -5.7199999999999998        1.5746761625383281E+030
  -5.7000000000000002        1.5365370663633208E+030
  -5.6799999999999997        1.4991925024257235E+030
  -5.6600000000000001        1.4626286291525454E+030
  -5.6399999999999997        1.4268317985544578E+030
  -5.6200000000000001        1.3917885541881160E+030
  -5.5999999999999996        1.3574856291328053E+030
  -5.5800000000000001        1.3239099439814184E+030
  -5.5599999999999996        1.2910486048456437E+030
  -5.5400000000000000        1.2588889013753916E+030
  -5.5199999999999996        1.2274183047923294E+030
  -5.5000000000000000        1.1966244659375435E+030
  -5.4799999999999995        1.1664952133332249E+030
  -5.4600000000000000        1.1370185512583656E+030
  -5.4399999999999995        1.1081826578383861E+030
  -5.4199999999999999        1.0799758831486688E+030
  -5.3999999999999995        1.0523867473319202E+030
  -5.3799999999999999        1.0254039387293430E+030
  -5.3600000000000003        9.9901631202552823E+029
  -5.3399999999999999        9.7321288640705503E+029
  -5.3200000000000003        9.4798284373472704E+029
  -5.2999999999999998        9.2331552672938820E+029
  -5.2800000000000002        8.9920043717129101E+029
  -5.2599999999999998        8.7562723411293956E+029
  -5.2400000000000002        8.5258573210538368E+029
  -5.2199999999999998        8.3006589943788146E+029
  -5.2000000000000002        8.0805785639091936E+029
  -5.1799999999999997        7.8655187350249408E+029
  -5.1600000000000001        7.6553836984765222E+029
  -5.1399999999999997        7.4500791133118833E+029
  -5.1200000000000001        7.2495120899350206E+029
  -5.0999999999999996        7.0535911732951348E+029
  -5.0800000000000001        6.8622263262062971E+029
  -5.0599999999999996        6.6753289127967613E+029
  -5.0400000000000000        6.4928116820877081E+029
  -5.0199999999999996        6.3145887517006657E+029
  -5.0000000000000000        6.1405755916933404E+029
  -4.9799999999999995        5.9706890085230935E+029
  -4.9600000000000000        5.8048471291378169E+029
  -4.9399999999999995        5.6429693851934549E+029
  -4.9199999999999999        5.4849764973979128E+029
  -4.8999999999999995        5.3307904599805692E+029
  -4.8799999999999999        5.1803345252871852E+029
  -4.8600000000000003        5.0335331884994109E+029
  -4.8399999999999999        4.8903121724786227E+029
  -4.8200000000000003        4.7505984127334505E+029
  -4.7999999999999998        4.6143200425104818E+029
  -4.7800000000000002        4.4814063780077516E+029
  -4.7599999999999998        4.3517879037103549E+029
  -4.7400000000000002        4.2253962578478162E+029
  -4.7199999999999998        4.1021642179726005E+029
  -4.7000000000000002        3.9820256866593457E+029
  -4.6799999999999997        3.8649156773242138E+029
  -4.6600000000000001        3.7507703001639906E+029
  -4.6399999999999997        3.6395267482142394E+029
  -4.6200000000000001        3.5311232835262112E+029
  -4.5999999999999996        3.4254992234618139E+029
  -4.5800000000000001        3.3225949271062922E+029
  -4.5599999999999996        3.2223517817979658E+029
  -4.5400000000000000        3.1247121897746638E+029
  -4.5199999999999996        3.0296195549362121E+029
  -4.5000000000000000        2.9370182697225891E+029
  -4.4799999999999995        2.8468537021071178E+029
  -4.4600000000000000        2.7590721827043316E+029
  -4.4399999999999995        2.6736209919918454E+029
  -4.4199999999999999        2.5904483476458914E+029
  -4.3999999999999995        2.5095033919898463E+029
  -4.3799999999999999        2.4307361795554105E+029
  -4.3600000000000003        2.3540976647557644E+029
  -4.3399999999999999        2.2795396896703440E+029
  -4.3200000000000003        2.2070149719406314E+029
  -4.2999999999999998        2.1364770927764828E+029
  -4.2800000000000002        2.0678804850725061E+029
  -4.2599999999999998        2.0011804216339421E+029
  -4.2400000000000002        1.9363330035115892E+029
  -4.2199999999999998        1.8732951484452019E+029
  -4.2000000000000002        1.8120245794149437E+029
  -4.1799999999999997        1.7524798133002834E+029
  -4.1600000000000001        1.6946201496459269E+029
  -4.1399999999999997        1.6384056595341923E+029
  -4.1200000000000001        1.5837971745633969E+029
  -4.0999999999999996        1.5307562759316823E+029
  -4.0800000000000001        1.4792452836258227E+029
  -4.0599999999999996        1.4292272457144710E+029
  -4.0400000000000000        1.3806659277453719E+029
  -4.0199999999999996        1.3335258022459860E+029
  -4.0000000000000000        1.2877720383270856E+029
  -3.9799999999999995        1.2433704913887348E+029
  -3.9600000000000000        1.2002876929282286E+029
  -3.9399999999999995        1.1584908404494091E+029
  -3.9199999999999999        1.1179477874729165E+029
  -3.8999999999999995        1.0786270336468110E+029
  -3.8799999999999999        1.0404977149571127E+029
  -3.8599999999999994        1.0035295940376965E+029
  -3.8399999999999999        9.6769305057909284E+028
  -3.8200000000000003        9.3295907183563334E+028
  -3.7999999999999998        8.9929924323047364E+028
  -3.7800000000000002        8.6668573905797096E+028
  -3.7599999999999998        8.3509131328290013E+028
  -3.7400000000000002        8.0448929043602570E+028
  -3.7199999999999998        7.7485355660549165E+028
  -3.7000000000000002        7.4615855052355841E+028
  -3.6799999999999997        7.1837925474813785E+028
  -3.6600000000000001        6.9149118693866314E+028
  -3.6399999999999997        6.6547039122574462E+028
  -3.6200000000000001        6.4029342967414493E+028
  -3.5999999999999996        6.1593737383852528E+028
  -3.5800000000000001        5.9237979641149699E+028
  -3.5599999999999996        5.6959876296343219E+028
  -3.5400000000000000        5.4757282377356345E+028
  -3.5199999999999996        5.2628100575182824E+028
  -3.5000000000000000        5.0570280445098978E+028
  -3.4799999999999995        4.8581817616848868E+028
  -3.4600000000000000        4.6660753013755477E+028
  -3.4399999999999995        4.4805172080703746E+028
  -3.4199999999999999        4.3013204020948102E+028
  -3.3999999999999995        4.1283021041690634E+028
  -3.3799999999999999        3.9612837608382006E+028
  -3.3599999999999994        3.8000909707691959E+028
  -3.3399999999999999        3.6445534119100863E+028
  -3.3200000000000003        3.4945047695059657E+028
  -3.2999999999999998        3.3497826649669098E+028
  -3.2800000000000002        3.2102285855826761E+028
  -3.2599999999999998        3.0756878150790757E+028
  -3.2400000000000002        2.9460093650110784E+028
  -3.2199999999999998        2.8210459069874039E+028
  -3.2000000000000002        2.7006537057217208E+028
  -3.1799999999999997        2.5846925529051690E+028
  -3.1600000000000001        2.4730257018953774E+028
  -3.1399999999999997        2.3655198032166458E+028
  -3.1200000000000001        2.2620448408664754E+028
  -3.0999999999999996        2.1624740694231501E+028
  -3.0800000000000001        2.0666839519494894E+028
  -3.0599999999999996        1.9745540986875390E+028
  -3.0400000000000000        1.8859672065392705E+028
  -3.0199999999999996        1.8008089993281011E+028
  -3.0000000000000000        1.7189681688362602E+028
  -2.9799999999999995        1.6403363166128449E+028
  -2.9600000000000000        1.5648078965475776E+028
  -2.9399999999999995        1.4922801582051143E+028
  -2.9199999999999999        1.4226530909149122E+028
  -2.8999999999999995        1.3558293686115073E+028
  -2.8799999999999999        1.2917142954202084E+028
  -2.8599999999999994        1.2302157519830615E+028
  -2.8399999999999999        1.1712441425200903E+028
  -2.8200000000000003        1.1147123426206658E+028
  -2.7999999999999998        1.0605356477599986E+028
  -2.7800000000000002        1.0086317225356547E+028
  -2.7599999999999998        9.5892055061900204E+027
  -2.7400000000000002        9.1132438541657765E+027
  -2.7199999999999998        8.6576770143623420E+027
  -2.7000000000000002        8.2217714635305903E+027
  -2.6799999999999997        7.8048149376993843E+027
  -2.6600000000000001        7.4061159666775110E+027
  -2.6399999999999997        7.0250034154006605E+027
  -2.6200000000000001        6.6608260320732693E+027
  -2.5999999999999996        6.3129520030540091E+027
  -2.5800000000000001        5.9807685144347445E+027
  -2.5599999999999996        5.6636813202616909E+027
  -2.5400000000000000        5.3611143173486355E+027
  -2.5199999999999996        5.0725091266309813E+027
  -2.5000000000000000        4.7973246810103903E+027
  -2.4799999999999995        4.5350368196388821E+027
  -2.4600000000000000        4.2851378885920897E+027
  -2.4399999999999995        4.0471363478805810E+027
  -2.4199999999999999        3.8205563847488971E+027
  -2.3999999999999995        3.6049375332112820E+027
  -2.3799999999999999        3.3998342997736895E+027
  -2.3599999999999994        3.2048157952910661E+027
  -2.3399999999999999        3.0194653729095190E+027
  -2.3200000000000003        2.8433802720423553E+027
  -2.2999999999999998        2.6761712683295212E+027
  -2.2800000000000002        2.5174623295296437E+027
  -2.2599999999999998        2.3668902772938964E+027
  -2.2400000000000002        2.2241044547711701E+027
  -2.2199999999999998        2.0887663999936116E+027
  -2.2000000000000002        1.9605495249920537E+027
  -2.1799999999999997        1.8391388005904228E+027
  -2.1600000000000001        1.7242304468286029E+027
  -2.1399999999999997        1.6155316289628786E+027
  -2.1200000000000001        1.5127601589934147E+027
  -2.0999999999999996        1.4156442026679094E+027
  -2.0800000000000001        1.3239219919108677E+027
  -2.0599999999999996        1.2373415426276398E+027
  -2.0400000000000000        1.1556603778326623E+027
  -2.0199999999999996        1.0786452560510590E+027
  -2.0000000000000000        1.0060719049430252E+027
  -1.9800000000000004        9.3772476010017009E+026
  -1.9599999999999991        8.7339670896320376E+026
  -1.9399999999999995        8.1288883981023383E+026
  -1.9199999999999999        7.5601019576490776E+026
  -1.9000000000000004        7.0257753377380025E+026
  -1.8799999999999990        6.5241508850225569E+026
  -1.8599999999999994        6.0535434109803197E+026
  -1.8399999999999999        5.6123379277197576E+026
  -1.8200000000000003        5.1989874314510742E+026
  -1.8000000000000007        4.8120107331134334E+026
  -1.7799999999999994        4.4499903356517501E+026
  -1.7599999999999998        4.1115703574361025E+026
  -1.7400000000000002        3.7954545013162738E+026
  -1.7200000000000006        3.5004040688049437E+026
  -1.6999999999999993        3.2252360188820285E+026
  -1.6799999999999997        2.9688210709133903E+026
  -1.6600000000000001        2.7300818511764941E+026
  -1.6400000000000006        2.5079910824864310E+026
  -1.6199999999999992        2.3015698164148589E+026
  -1.5999999999999996        2.1098857075950552E+026
  -1.5800000000000001        1.9320513296057313E+026
  -1.5600000000000005        1.7672225319269071E+026
  -1.5399999999999991        1.6145968374605039E+026
  -1.5199999999999996        1.4734118801087752E+026
  -1.5000000000000000        1.3429438819033033E+026
  -1.4800000000000004        1.2225061691777740E+026
  -1.4599999999999991        1.1114477272772492E+026
  -1.4399999999999995        1.0091517932970153E+026
  -1.4199999999999999        9.1503448634380149E+025
  -1.4000000000000004        8.2854347481248310E+025
  -1.3799999999999990        7.4915668017107533E+025
  -1.3599999999999994        6.7638101674704096E+025
  -1.3399999999999999        6.0975116700775014E+025
  -1.3200000000000003        5.4882839182816483E+025
  -1.2999999999999989        4.9319937523857995E+025
  -1.2799999999999994        4.4247510314543214E+025
  -1.2599999999999998        3.9628977551803493E+025
  -1.2400000000000002        3.5429975153427886E+025
  -1.2200000000000006        3.1618252717816292E+025
  -1.1999999999999993        2.8163574478212260E+025
  -1.1799999999999997        2.5037623400710702E+025
  -1.1600000000000001        2.2213908375330209E+025
  -1.1400000000000006        1.9667674449449753E+025
  -1.1199999999999992        1.7375816052899090E+025
  -1.0999999999999996        1.5316793163999846E+025
  -1.0800000000000001        1.3470550365847975E+025
  -1.0600000000000005        1.1818438742135645E+025
  -1.0399999999999991        1.0343140561803190E+025
  -1.0199999999999996        9.0285967018172832E+024
  -1.0000000000000000        7.8599367573670536E+024
 -0.98000000000000043        6.8234117887747738E+024
 -0.95999999999999908        5.9063296544130326E+024
 -0.93999999999999950        5.0969928789236299E+024
 -0.91999999999999993        4.3846390060308432E+024
 -0.90000000000000036        3.7593833852446750E+024
 -0.87999999999999901        3.2121643417467575E+024
 -0.85999999999999943        2.7346906787536873E+024
 -0.83999999999999986        2.3193914616509482E+024
 -0.82000000000000028        1.9593680331924021E+024
 -0.79999999999999893        1.6483482090585164E+024
 -0.77999999999999936        1.3806426030677902E+024
 -0.75999999999999979        1.1511030313348970E+024
 -0.74000000000000021        9.5508294467006280E+023
 -0.72000000000000064        7.8839983851323646E+023
 -0.69999999999999929        6.4729958969719122E+023
 -0.67999999999999972        5.2842266933357777E+023
 -0.66000000000000014        4.2877218111571244E+023
 -0.64000000000000057        3.4568367433233685E+023
 -0.61999999999999922        2.7679668088612234E+023
 -0.59999999999999964        2.2002792561100765E+023
 -0.58000000000000007        1.7354615918224562E+023
 -0.56000000000000050        1.3574856291325748E+023
 -0.53999999999999915        1.0523867473317095E+023
 -0.51999999999999957        8.0805785639074874E+022
 -0.50000000000000000        6.1405755916919805E+022
 -0.48000000000000043        4.6143200425094016E+022
 -0.45999999999999908        3.4254992234608706E+022
 -0.43999999999999950        2.5095033919891103E+022
 -0.41999999999999993        1.8120245794143721E+022
 -0.40000000000000036        1.2877720383266478E+022
 -0.37999999999999901        8.9929924323011241E+021
 -0.35999999999999943        6.1593737383825585E+021
 -0.33999999999999986        4.1283021041670779E+021
 -0.32000000000000028        2.7006537057202749E+021
 -0.29999999999999893        1.7189681688351594E+021
 -0.27999999999999936        1.0605356477592327E+021
 -0.25999999999999979        6.3129520030488055E+020
 -0.24000000000000021        3.6049375332078433E+020
 -0.22000000000000064        1.9605495249898485E+020
 -0.19999999999999929        1.0060719049416068E+020
 -0.17999999999999972        4.8120107331051405E+019
 -0.16000000000000014        2.1098857075905061E+019
 -0.14000000000000057        8.2854347481016351E+018
 -0.11999999999999922        2.8163574478102738E+018
  -9.9999999999999645E-002   7.8599367573233178E+017
  -8.0000000000000071E-002   1.6483482090442742E+017
  -6.0000000000000497E-002   22002792560763556.     
  -3.9999999999999147E-002   1287772038281861.8     
  -1.9999999999999574E-002   10060719048021.494     
   0.0000000000000000        0.0000000000000000     
   1.9999999999999574E-002  -10060719048021.494     
   4.0000000000000924E-002  -1287772038282262.2     
   6.0000000000000497E-002  -22002792560763556.     
   8.0000000000000071E-002  -1.6483482090442742E+017
   9.9999999999999645E-002  -7.8599367573233178E+017
  0.12000000000000099       -2.8163574478105661E+018
  0.14000000000000057       -8.2854347481016351E+018
  0.16000000000000014       -2.1098857075905061E+019
  0.17999999999999972       -4.8120107331051405E+019
  0.20000000000000107       -1.0060719049416691E+020
  0.22000000000000064       -1.9605495249898485E+020
  0.24000000000000021       -3.6049375332078433E+020
  0.25999999999999979       -6.3129520030488055E+020
  0.27999999999999936       -1.0605356477592327E+021
  0.30000000000000071       -1.7189681688352307E+021
  0.32000000000000028       -2.7006537057202749E+021
  0.33999999999999986       -4.1283021041670779E+021
  0.35999999999999943       -6.1593737383825585E+021
  0.38000000000000078       -8.9929924323014156E+021
  0.40000000000000036       -1.2877720383266478E+022
  0.41999999999999993       -1.8120245794143721E+022
  0.43999999999999950       -2.5095033919891103E+022
  0.46000000000000085       -3.4254992234609633E+022
  0.48000000000000043       -4.6143200425094016E+022
  0.50000000000000000       -6.1405755916919805E+022
  0.51999999999999957       -8.0805785639074874E+022
  0.54000000000000092       -1.0523867473317341E+023
  0.56000000000000050       -1.3574856291325748E+023
  0.58000000000000007       -1.7354615918224562E+023
  0.59999999999999964       -2.2002792561100765E+023
  0.62000000000000099       -2.7679668088612794E+023
  0.64000000000000057       -3.4568367433233685E+023
  0.66000000000000014       -4.2877218111571244E+023
  0.67999999999999972       -5.2842266933357777E+023
  0.70000000000000107       -6.4729958969720276E+023
  0.72000000000000064       -7.8839983851323646E+023
  0.74000000000000021       -9.5508294467006280E+023
  0.75999999999999979       -1.1511030313348970E+024
  0.77999999999999936       -1.3806426030677902E+024
  0.80000000000000071       -1.6483482090585413E+024
  0.82000000000000028       -1.9593680331924021E+024
  0.83999999999999986       -2.3193914616509482E+024
  0.85999999999999943       -2.7346906787536873E+024
  0.88000000000000078       -3.2121643417468042E+024
  0.90000000000000036       -3.7593833852446750E+024
  0.91999999999999993       -4.3846390060308432E+024
  0.93999999999999950       -5.0969928789236299E+024
  0.96000000000000085       -5.9063296544131099E+024
  0.98000000000000043       -6.8234117887747738E+024
   1.0000000000000000       -7.8599367573670536E+024
   1.0199999999999996       -9.0285967018172832E+024
   1.0400000000000009       -1.0343140561803313E+025
   1.0600000000000005       -1.1818438742135645E+025
   1.0800000000000001       -1.3470550365847975E+025
   1.0999999999999996       -1.5316793163999846E+025
   1.1200000000000010       -1.7375816052899283E+025
   1.1400000000000006       -1.9667674449449753E+025
   1.1600000000000001       -2.2213908375330209E+025
   1.1799999999999997       -2.5037623400710702E+025
   1.2000000000000011       -2.8163574478212544E+025
   1.2200000000000006       -3.1618252717816292E+025
   1.2400000000000002       -3.5429975153427886E+025
   1.2599999999999998       -3.9628977551803493E+025
   1.2799999999999994       -4.4247510314543214E+025
   1.3000000000000007       -4.9319937523858467E+025
   1.3200000000000003       -5.4882839182816483E+025
   1.3399999999999999       -6.0975116700775014E+025
   1.3599999999999994       -6.7638101674704096E+025
   1.3800000000000008       -7.4915668017108203E+025
   1.4000000000000004       -8.2854347481248310E+025
   1.4199999999999999       -9.1503448634380149E+025
   1.4399999999999995       -1.0091517932970153E+026
   1.4600000000000009       -1.1114477272772581E+026
   1.4800000000000004       -1.2225061691777740E+026
   1.5000000000000000       -1.3429438819033033E+026
   1.5199999999999996       -1.4734118801087752E+026
   1.5400000000000009       -1.6145968374605173E+026
   1.5600000000000005       -1.7672225319269071E+026
   1.5800000000000001       -1.9320513296057313E+026
   1.5999999999999996       -2.1098857075950552E+026
   1.6200000000000010       -2.3015698164148764E+026
   1.6400000000000006       -2.5079910824864310E+026
   1.6600000000000001       -2.7300818511764941E+026
   1.6799999999999997       -2.9688210709133903E+026
   1.7000000000000011       -3.2252360188820519E+026
   1.7200000000000006       -3.5004040688049437E+026
   1.7400000000000002       -3.7954545013162738E+026
   1.7599999999999998       -4.1115703574361025E+026
   1.7799999999999994       -4.4499903356517501E+026
   1.8000000000000007       -4.8120107331134334E+026
   1.8200000000000003       -5.1989874314510742E+026
   1.8399999999999999       -5.6123379277197576E+026
   1.8599999999999994       -6.0535434109803197E+026
   1.8800000000000008       -6.5241508850225995E+026
   1.9000000000000004       -7.0257753377380025E+026
   1.9199999999999999       -7.5601019576490776E+026
   1.9399999999999995       -8.1288883981023383E+026
   1.9600000000000009       -8.7339670896320912E+026
   1.9800000000000004       -9.3772476010017009E+026
   2.0000000000000000       -1.0060719049430252E+027
   2.0199999999999996       -1.0786452560510590E+027
   2.0400000000000009       -1.1556603778326659E+027
   2.0600000000000005       -1.2373415426276441E+027
   2.0800000000000001       -1.3239219919108677E+027
   2.0999999999999996       -1.4156442026679094E+027
   2.1200000000000010       -1.5127601589934189E+027
   2.1400000000000006       -1.6155316289628836E+027
   2.1600000000000001       -1.7242304468286029E+027
   2.1799999999999997       -1.8391388005904228E+027
   2.2000000000000011       -1.9605495249920587E+027
   2.2200000000000006       -2.0887663999936171E+027
   2.2400000000000002       -2.2241044547711701E+027
   2.2599999999999998       -2.3668902772938964E+027
   2.2800000000000011       -2.5174623295296498E+027
   2.3000000000000007       -2.6761712683295289E+027
   2.3200000000000003       -2.8433802720423553E+027
   2.3399999999999999       -3.0194653729095190E+027
   2.3599999999999994       -3.2048157952910661E+027
   2.3800000000000008       -3.3998342997736988E+027
   2.4000000000000004       -3.6049375332112919E+027
   2.4199999999999999       -3.8205563847488971E+027
   2.4399999999999995       -4.0471363478805810E+027
   2.4600000000000009       -4.2851378885920996E+027
   2.4800000000000004       -4.5350368196388931E+027
   2.5000000000000000       -4.7973246810103903E+027
   2.5199999999999996       -5.0725091266309813E+027
   2.5400000000000009       -5.3611143173486487E+027
   2.5600000000000005       -5.6636813202617052E+027
   2.5800000000000001       -5.9807685144347445E+027
   2.5999999999999996       -6.3129520030540091E+027
   2.6200000000000010       -6.6608260320732847E+027
   2.6400000000000006       -7.0250034154006792E+027
   2.6600000000000001       -7.4061159666775110E+027
   2.6799999999999997       -7.8048149376993843E+027
   2.7000000000000011       -8.2217714635306079E+027
   2.7200000000000006       -8.6576770143623596E+027
   2.7400000000000002       -9.1132438541657765E+027
   2.7599999999999998       -9.5892055061900204E+027
   2.7800000000000011       -1.0086317225356569E+028
   2.8000000000000007       -1.0605356477600012E+028
   2.8200000000000003       -1.1147123426206658E+028
   2.8399999999999999       -1.1712441425200903E+028
   2.8599999999999994       -1.2302157519830615E+028
   2.8800000000000008       -1.2917142954202113E+028
   2.9000000000000004       -1.3558293686115101E+028
   2.9199999999999999       -1.4226530909149122E+028
   2.9399999999999995       -1.4922801582051143E+028
   2.9600000000000009       -1.5648078965475809E+028
   2.9800000000000004       -1.6403363166128482E+028
   3.0000000000000000       -1.7189681688362602E+028
   3.0199999999999996       -1.8008089993281011E+028
   3.0400000000000009       -1.8859672065392740E+028
   3.0600000000000005       -1.9745540986875427E+028
   3.0800000000000001       -2.0666839519494894E+028
   3.0999999999999996       -2.1624740694231501E+028
   3.1200000000000010       -2.2620448408664798E+028
   3.1400000000000006       -2.3655198032166502E+028
   3.1600000000000001       -2.4730257018953774E+028
   3.1799999999999997       -2.5846925529051690E+028
   3.2000000000000011       -2.7006537057217257E+028
   3.2200000000000006       -2.8210459069874110E+028
   3.2400000000000002       -2.9460093650110784E+028
   3.2599999999999998       -3.0756878150790757E+028
   3.2800000000000011       -3.2102285855826818E+028
   3.3000000000000007       -3.3497826649669151E+028
   3.3200000000000003       -3.4945047695059657E+028
   3.3399999999999999       -3.6445534119100863E+028
   3.3599999999999994       -3.8000909707691959E+028
   3.3800000000000008       -3.9612837608382098E+028
   3.4000000000000004       -4.1283021041690704E+028
   3.4199999999999999       -4.3013204020948102E+028
   3.4399999999999995       -4.4805172080703746E+028
   3.4600000000000009       -4.6660753013755556E+028
   3.4800000000000004       -4.8581817616848973E+028
   3.5000000000000000       -5.0570280445098978E+028
   3.5199999999999996       -5.2628100575182824E+028
   3.5400000000000009       -5.4757282377356433E+028
   3.5600000000000005       -5.6959876296343342E+028
   3.5800000000000001       -5.9237979641149699E+028
   3.5999999999999996       -6.1593737383852528E+028
   3.6200000000000010       -6.4029342967414616E+028
   3.6400000000000006       -6.6547039122574594E+028
   3.6600000000000001       -6.9149118693866314E+028
   3.6799999999999997       -7.1837925474813785E+028
   3.7000000000000011       -7.4615855052355981E+028
   3.7200000000000006       -7.7485355660549288E+028
   3.7400000000000002       -8.0448929043602570E+028
   3.7599999999999998       -8.3509131328290013E+028
   3.7800000000000011       -8.6668573905797237E+028
   3.8000000000000007       -8.9929924323047470E+028
   3.8200000000000003       -9.3295907183563334E+028
   3.8399999999999999       -9.6769305057909284E+028
   3.8599999999999994       -1.0035295940376965E+029
   3.8800000000000008       -1.0404977149571144E+029
   3.9000000000000004       -1.0786270336468128E+029
   3.9199999999999999       -1.1179477874729165E+029
   3.9399999999999995       -1.1584908404494091E+029
   3.9600000000000009       -1.2002876929282306E+029
   3.9800000000000004       -1.2433704913887368E+029
   4.0000000000000000       -1.2877720383270856E+029
   4.0199999999999996       -1.3335258022459860E+029
   4.0400000000000009       -1.3806659277453744E+029
   4.0600000000000005       -1.4292272457144733E+029
   4.0800000000000001       -1.4792452836258227E+029
   4.0999999999999996       -1.5307562759316823E+029
   4.1200000000000010       -1.5837971745634001E+029
   4.1400000000000006       -1.6384056595341940E+029
   4.1600000000000001       -1.6946201496459269E+029
   4.1799999999999997       -1.7524798133002834E+029
   4.2000000000000011       -1.8120245794149465E+029
   4.2200000000000006       -1.8732951484452047E+029
   4.2400000000000002       -1.9363330035115892E+029
   4.2599999999999998       -2.0011804216339421E+029
   4.2800000000000011       -2.0678804850725100E+029
   4.3000000000000007       -2.1364770927764853E+029
   4.3200000000000003       -2.2070149719406314E+029
   4.3399999999999999       -2.2795396896703440E+029
   4.3599999999999994       -2.3540976647557619E+029
   4.3800000000000008       -2.4307361795554140E+029
   4.4000000000000004       -2.5095033919898502E+029
   4.4199999999999999       -2.5904483476458914E+029
   4.4399999999999995       -2.6736209919918454E+029
   4.4600000000000009       -2.7590721827043351E+029
   4.4800000000000004       -2.8468537021071213E+029
   4.5000000000000000       -2.9370182697225891E+029
   4.5199999999999996       -3.0296195549362121E+029
   4.5400000000000009       -3.1247121897746688E+029
   4.5600000000000005       -3.2223517817979700E+029
   4.5800000000000001       -3.3225949271062922E+029
   4.5999999999999996       -3.4254992234618139E+029
   4.6200000000000010       -3.5311232835262161E+029
   4.6400000000000006       -3.6395267482142436E+029
   4.6600000000000001       -3.7507703001639906E+029
   4.6799999999999997       -3.8649156773242138E+029
   4.7000000000000011       -3.9820256866593500E+029
   4.7200000000000006       -4.1021642179726047E+029
   4.7400000000000002       -4.2253962578478162E+029
   4.7599999999999998       -4.3517879037103549E+029
   4.7800000000000011       -4.4814063780077593E+029
   4.8000000000000007       -4.6143200425104874E+029
   4.8200000000000003       -4.7505984127334505E+029
   4.8399999999999999       -4.8903121724786227E+029
   4.8599999999999994       -5.0335331884994053E+029
   4.8800000000000008       -5.1803345252871909E+029
   4.9000000000000004       -5.3307904599805776E+029
   4.9199999999999999       -5.4849764973979128E+029
   4.9399999999999995       -5.6429693851934549E+029
   4.9600000000000009       -5.8048471291378225E+029
   4.9800000000000004       -5.9706890085230991E+029
   5.0000000000000000       -6.1405755916933404E+029
   5.0199999999999996       -6.3145887517006657E+029
   5.0400000000000009       -6.4928116820877152E+029
   5.0600000000000005       -6.6753289127967683E+029
   5.0800000000000001       -6.8622263262062971E+029
   5.0999999999999996       -7.0535911732951348E+029
   5.1200000000000010       -7.2495120899350290E+029
   5.1400000000000006       -7.4500791133118932E+029
   5.1600000000000001       -7.6553836984765222E+029
   5.1799999999999997       -7.8655187350249408E+029
   5.2000000000000011       -8.0805785639092007E+029
   5.2200000000000006       -8.3006589943788245E+029
   5.2400000000000002       -8.5258573210538368E+029
   5.2599999999999998       -8.7562723411293956E+029
   5.2800000000000011       -8.9920043717129228E+029
   5.3000000000000007       -9.2331552672938933E+029
   5.3200000000000003       -9.4798284373472704E+029
   5.3399999999999999       -9.7321288640705503E+029
   5.3599999999999994       -9.9901631202552696E+029
   5.3800000000000008       -1.0254039387293442E+030
   5.4000000000000004       -1.0523867473319216E+030
   5.4199999999999999       -1.0799758831486688E+030
   5.4399999999999995       -1.1081826578383861E+030
   5.4600000000000009       -1.1370185512583669E+030
   5.4800000000000004       -1.1664952133332260E+030
   5.5000000000000000       -1.1966244659375435E+030
   5.5199999999999996       -1.2274183047923294E+030
   5.5400000000000009       -1.2588889013753930E+030
   5.5600000000000005       -1.2910486048456451E+030
   5.5800000000000001       -1.3239099439814184E+030
   5.5999999999999996       -1.3574856291328053E+030
   5.6200000000000010       -1.3917885541881174E+030
   5.6400000000000006       -1.4268317985544598E+030
   5.6600000000000001       -1.4626286291525454E+030
   5.6799999999999997       -1.4991925024257235E+030
   5.7000000000000011       -1.5365370663633222E+030
   5.7200000000000006       -1.5746761625383303E+030
   5.7400000000000002       -1.6136238281594984E+030
   5.7599999999999998       -1.6533942981378752E+030
   5.7800000000000011       -1.6940020071678511E+030
   5.8000000000000007       -1.7354615918227417E+030
   5.8200000000000003       -1.7777878926650092E+030
   5.8399999999999999       -1.8209959563710963E+030
   5.8600000000000012       -1.8651010378710001E+030
   5.8800000000000008       -1.9101186025025595E+030
   5.9000000000000004       -1.9560643281806023E+030
   5.9199999999999999       -2.0029541075809089E+030
   5.9399999999999995       -2.0508040503390933E+030
   5.9600000000000009       -2.0996304852644556E+030
   5.9800000000000004       -2.1494499625688086E+030
   6.0000000000000000       -2.2002792561104234E+030
   6.0199999999999996       -2.2521353656530237E+030
   6.0399999999999991       -2.3050355191399798E+030
   6.0599999999999987       -2.3589971749836953E+030
   6.0800000000000018       -2.4140380243702818E+030
   6.1000000000000014       -2.4701759935794820E+030
   6.1200000000000010       -2.5274292463200663E+030
   6.1400000000000006       -2.5858161860805361E+030
   6.1600000000000001       -2.6453554584953582E+030
   6.1799999999999997       -2.7060659537266835E+030
   6.1999999999999993       -2.7679668088616445E+030
   6.2199999999999989       -2.8310774103252781E+030
   6.2400000000000020       -2.8954173963091071E+030
   6.2600000000000016       -2.9610066592154031E+030
   6.2800000000000011       -3.0278653481173253E+030
   6.3000000000000007       -3.0960138712347598E+030
   6.3200000000000003       -3.1654728984260966E+030
   6.3399999999999999       -3.2362633636959134E+030
   6.3599999999999994       -3.3084064677186304E+030
   6.3799999999999990       -3.3819236803781914E+030
   6.3999999999999986       -3.4568367433238094E+030
   6.4200000000000017       -3.5331676725418648E+030
   6.4400000000000013       -3.6109387609439007E+030
   6.4600000000000009       -3.6901725809709812E+030
   6.4800000000000004       -3.7708919872141955E+030
   6.5000000000000000       -3.8531201190515499E+030
   6.5199999999999996       -3.9368804033012326E+030
   6.5399999999999991       -4.0221965568912975E+030
   6.5599999999999987       -4.1090925895458349E+030
   6.5800000000000018       -4.1975928064876888E+030
   6.6000000000000014       -4.2877218111576676E+030
   6.6200000000000010       -4.3795045079505612E+030
   6.6400000000000006       -4.4729661049676530E+030
   6.6600000000000001       -4.5681321167860789E+030
   6.6799999999999997       -4.6650283672449284E+030
   6.6999999999999993       -4.7636809922481912E+030
   6.7199999999999989       -4.8641164425845888E+030
   6.7400000000000020       -4.9663614867643592E+030
   6.7600000000000016       -5.0704432138729271E+030
   6.7800000000000011       -5.1763890364418136E+030
   6.8000000000000007       -5.2842266933364292E+030
   6.8200000000000003       -5.3939842526611272E+030
   6.8399999999999999       -5.5056901146813762E+030
   6.8599999999999994       -5.6193730147632434E+030
   6.8799999999999990       -5.7350620263300997E+030
   6.8999999999999986       -5.8527865638367109E+030
   6.9200000000000017       -5.9725763857607326E+030
   6.9400000000000013       -6.0944615976115219E+030
   6.9600000000000009       -6.2184726549566911E+030
   6.9800000000000004       -6.3446403664659479E+030
   7.0000000000000000       -6.4729958969726906E+030
   7.0199999999999996       -6.6035707705531770E+030
   7.0399999999999991       -6.7363968736234240E+030
   7.0599999999999987       -6.8715064580538304E+030
   7.0800000000000018       -7.0089321443016471E+030
   7.1000000000000014       -7.1487069245611482E+030
   7.1200000000000010       -7.2908641659319725E+030
   7.1400000000000006       -7.4354376136051292E+030
   7.1600000000000001       -7.5824613940671862E+030
   7.1799999999999997       -7.7319700183224309E+030
   7.1999999999999993       -7.8839983851331483E+030
   7.2199999999999989       -8.0385817842780889E+030
   7.2400000000000020       -8.1957558998290967E+030
   7.2600000000000016       -8.3555568134459196E+030
   7.2800000000000011       -8.5180210076895750E+030
   7.3000000000000007       -8.6831853693537715E+030
   7.3200000000000003       -8.8510871928149163E+030
   7.3399999999999999       -9.0217641834005373E+030
   7.3599999999999994       -9.1952544607761938E+030
   7.3799999999999990       -9.3715965623509670E+030
   7.4000000000000021       -9.5508294467015949E+030
   7.4200000000000017       -9.7329924970150748E+030
   7.4400000000000013       -9.9181255245503393E+030
   7.4600000000000009       -1.0106268772118351E+031
   7.4800000000000004       -1.0297462917581158E+031
   7.5000000000000000       -1.0491749077369807E+031
   7.5199999999999996       -1.0689168810021153E+031
   7.5399999999999991       -1.0889764119733629E+031
   7.5599999999999987       -1.1093577459942044E+031
   7.5800000000000018       -1.1300651736911483E+031
   7.6000000000000014       -1.1511030313350110E+031
   7.6200000000000010       -1.1724757012041566E+031
   7.6400000000000006       -1.1941876119496141E+031
   7.6600000000000001       -1.2162432389621460E+031
   7.6799999999999997       -1.2386471047412424E+031
   7.6999999999999993       -1.2614037792660517E+031
   7.7199999999999989       -1.2845178803682552E+031
   7.7400000000000020       -1.3079940741068904E+031
   7.7600000000000016       -1.3318370751451103E+031
   7.7800000000000011       -1.3560516471289335E+031
   7.8000000000000007       -1.3806426030679242E+031
   7.8200000000000003       -1.4056148057178548E+031
   7.8399999999999999       -1.4309731679653369E+031
   7.8599999999999994       -1.4567226532144327E+031
   7.8799999999999990       -1.4828682757752477E+031
   7.9000000000000021       -1.5094151012545118E+031
   7.9200000000000017       -1.5363682469481392E+031
   7.9400000000000013       -1.5637328822358220E+031
   7.9600000000000009       -1.5915142289775874E+031
   7.9800000000000004       -1.6197175619123834E+031
   8.0000000000000000       -1.6483482090586741E+031
   8.0199999999999996       -1.6774115521170503E+031
   8.0399999999999991       -1.7069130268748664E+031
   8.0599999999999987       -1.7368581236129078E+031
   8.0800000000000018       -1.7672523875140837E+031
   8.1000000000000014       -1.7981014190741543E+031
   8.1200000000000010       -1.8294108745145305E+031
   8.1400000000000006       -1.8611864661970907E+031
   8.1600000000000001       -1.8934339630410578E+031
   8.1799999999999997       -1.9261591909419451E+031
   8.1999999999999993       -1.9593680331925584E+031
   8.2199999999999989       -1.9930664309060656E+031
   8.2400000000000020       -2.0272603834411573E+031
   8.2600000000000016       -2.0619559488292361E+031
   8.2800000000000011       -2.0971592442037733E+031
   8.3000000000000007       -2.1328764462316779E+031
   8.3200000000000003       -2.1691137915467918E+031
   8.3399999999999999       -2.2058775771854896E+031
   8.3599999999999994       -2.2431741610243682E+031
   8.3799999999999990       -2.2810099622200568E+031
   8.4000000000000021       -2.3193914616511369E+031
   8.4200000000000017       -2.3583252023621648E+031
   8.4400000000000013       -2.3978177900098679E+031
   8.4600000000000009       -2.4378758933114118E+031
   8.4800000000000004       -2.4785062444948400E+031
   8.5000000000000000       -2.5197156397516390E+031
   8.5199999999999996       -2.5615109396914522E+031
   8.5399999999999991       -2.6038990697989434E+031
   8.5599999999999987       -2.6468870208928110E+031
   8.5800000000000018       -2.6904818495869783E+031
   8.6000000000000014       -2.7346906787539070E+031
   8.6200000000000010       -2.7795206979901499E+031
   8.6400000000000006       -2.8249791640840145E+031
   8.6600000000000001       -2.8710734014854386E+031
   8.6799999999999997       -2.9178108027780466E+031
   8.6999999999999993       -2.9651988291533855E+031
   8.7199999999999989       -3.0132450108873820E+031
   8.7400000000000020       -3.0619569478189736E+031
   8.7600000000000016       -3.1113423098309367E+031
   8.7800000000000011       -3.1614088373329853E+031
   8.8000000000000007       -3.2121643417470155E+031
   8.8200000000000003       -3.2636167059946071E+031
   8.8399999999999999       -3.3157738849867482E+031
   8.8599999999999994       -3.3686439061157727E+031
   8.8799999999999990       -3.4222348697495698E+031
   8.9000000000000021       -3.4765549497280025E+031
   8.9200000000000017       -3.5316123938615562E+031
   8.9400000000000013       -3.5874155244323182E+031
   8.9600000000000009       -3.6439727386971229E+031
   8.9800000000000004       -3.7012925093930098E+031
   9.0000000000000000       -3.7593833852449216E+031
   9.0199999999999996       -3.8182539914757065E+031
   9.0399999999999991       -3.8779130303183595E+031
   9.0599999999999987       -3.9383692815305767E+031
   9.0800000000000018       -3.9996316029115841E+031
   9.1000000000000014       -4.0617089308212177E+031
   9.1200000000000010       -4.1246102807014097E+031
   9.1400000000000006       -4.1883447475998569E+031
   9.1600000000000001       -4.2529215066960630E+031
   9.1799999999999997       -4.3183498138296719E+031
   9.1999999999999993       -4.3846390060311308E+031
   9.2199999999999989       -4.4517985020546575E+031
   9.2400000000000020       -4.5198378029135656E+031
   9.2600000000000016       -4.5887664924178519E+031
   9.2800000000000011       -4.6585942377142409E+031
   9.3000000000000007       -4.7293307898284615E+031
   9.3200000000000003       -4.8009859842099178E+031
   9.3399999999999999       -4.8735697412787064E+031
   9.3599999999999994       -4.9470920669750027E+031
   9.3799999999999990       -5.0215630533107878E+031
   9.4000000000000021       -5.0969928789239770E+031
   9.4200000000000017       -5.1733918096348399E+031
   9.4400000000000013       -5.2507701990049440E+031
   9.4600000000000009       -5.3291384888983443E+031
   9.4800000000000004       -5.4085072100452146E+031
   9.5000000000000000       -5.4888869826078894E+031
   9.5199999999999996       -5.5702885167492642E+031
   9.5399999999999991       -5.6527226132036346E+031
   9.5599999999999987       -5.7362001638499275E+031
   9.5800000000000018       -5.8207321522873563E+031
   9.6000000000000014       -5.9063296544134347E+031
   9.6200000000000010       -5.9930038390045516E+031
   9.6400000000000006       -6.0807659682988275E+031
   9.6600000000000001       -6.1696273985814890E+031
   9.6799999999999997       -6.2595995807726488E+031
   9.6999999999999993       -6.3506940610175511E+031
   9.7199999999999989       -6.4429224812792505E+031
   9.7400000000000020       -6.5362965799337660E+031
   9.7600000000000016       -6.6308281923676160E+031
   9.7800000000000011       -6.7265292515779787E+031
   9.8000000000000007       -6.8234117887751520E+031
   9.8200000000000003       -6.9214879339875774E+031
   9.8399999999999999       -7.0207699166693401E+031
   9.8599999999999994       -7.1212700663101123E+031
   9.8799999999999990       -7.2230008130476339E+031
   9.9000000000000021       -7.3259746882826788E+031
   9.9200000000000017       -7.4302043252964255E+031
   9.9400000000000013       -7.5357024598705479E+031
   9.9600000000000009       -7.6424819309095795E+031
   9.9800000000000004       -7.7505556810659589E+031
