  -10.000000000000000       -296.93165043990871     
  -9.9800000000000004       -295.54839058945157     
  -9.9600000000000009       -294.16936943452475     
  -9.9399999999999995       -292.79458056598264     
  -9.9199999999999999       -291.42401757468008     
  -9.9000000000000004       -290.05767405147151     
  -9.8800000000000008       -288.69554358721149     
  -9.8599999999999994       -287.33761977275446     
  -9.8399999999999999       -285.98389619895516     
  -9.8200000000000003       -284.63436645666815     
  -9.8000000000000007       -283.28902413674791     
  -9.7799999999999994       -281.94786283004896     
  -9.7599999999999998       -280.61087612742602     
  -9.7400000000000002       -279.27805761973354     
  -9.7200000000000006       -277.94940089782614     
  -9.6999999999999993       -276.62489955255819     
  -9.6799999999999997       -275.30454717478460     
  -9.6600000000000001       -273.98833735535976     
  -9.6400000000000006       -272.67626368513817     
  -9.6199999999999992       -271.36831975497438     
  -9.5999999999999996       -270.06449915572313     
  -9.5800000000000001       -268.76479547823880     
  -9.5600000000000005       -267.46920231337606     
  -9.5399999999999991       -266.17771325198936     
  -9.5199999999999996       -264.89032188493348     
  -9.5000000000000000       -263.60702180306282     
  -9.4800000000000004       -262.32780659723198     
  -9.4600000000000009       -261.05266985829547     
  -9.4399999999999995       -259.78160517710779     
  -9.4199999999999999       -258.51460614452378     
  -9.4000000000000004       -257.25166635139783     
  -9.3800000000000008       -255.99277938858449     
  -9.3599999999999994       -254.73793884693819     
  -9.3399999999999999       -253.48713831731379     
  -9.3200000000000003       -252.24037139056571     
  -9.3000000000000007       -250.99763165754851     
  -9.2799999999999994       -249.75891270911669     
  -9.2599999999999998       -248.52420813612491     
  -9.2400000000000002       -247.29351152942778     
  -9.2200000000000006       -246.06681647987975     
  -9.1999999999999993       -244.84411657833530     
  -9.1799999999999997       -243.62540541564920     
  -9.1600000000000001       -242.41067658267599     
  -9.1400000000000006       -241.19992367027012     
  -9.1199999999999992       -239.99314026928613     
  -9.0999999999999996       -238.79031997057876     
  -9.0800000000000001       -237.59145636500239     
  -9.0600000000000005       -236.39654304341175     
  -9.0399999999999991       -235.20557359666120     
  -9.0199999999999996       -234.01854161560550     
  -9.0000000000000000       -232.83544069109914     
  -8.9800000000000004       -231.65626441399667     
  -8.9600000000000009       -230.48100637515267     
  -8.9399999999999995       -229.30966016542160     
  -8.9199999999999999       -228.14221937565827     
  -8.9000000000000004       -226.97867759671698     
  -8.8799999999999990       -225.81902841945237     
  -8.8599999999999994       -224.66326543471911     
  -8.8399999999999999       -223.51138223337171     
  -8.8200000000000003       -222.36337240626472     
  -8.8000000000000007       -221.21922954425264     
  -8.7799999999999994       -220.07894723819004     
  -8.7599999999999998       -218.94251907893164     
  -8.7400000000000002       -217.80993865733191     
  -8.7200000000000006       -216.68119956424536     
  -8.6999999999999993       -215.55629539052651     
  -8.6799999999999997       -214.43521972703013     
  -8.6600000000000001       -213.31796616461065     
  -8.6400000000000006       -212.20452829412264     
  -8.6199999999999992       -211.09489970642056     
  -8.5999999999999996       -209.98907399235918     
  -8.5800000000000001       -208.88704474279297     
  -8.5600000000000005       -207.78880554857648     
  -8.5399999999999991       -206.69435000056421     
  -8.5199999999999996       -205.60367168961088     
  -8.5000000000000000       -204.51676420657094     
  -8.4800000000000004       -203.43362114229902     
  -8.4600000000000009       -202.35423608764964     
  -8.4399999999999995       -201.27860263347725     
  -8.4199999999999999       -200.20671437063663     
  -8.4000000000000004       -199.13856488998226     
  -8.3799999999999990       -198.07414778236858     
  -8.3599999999999994       -197.01345663865038     
  -8.3399999999999999       -195.95648504968210     
  -8.3200000000000003       -194.90322660631830     
  -8.3000000000000007       -193.85367489941356     
  -8.2799999999999994       -192.80782351982236     
  -8.2599999999999998       -191.76566605839940     
  -8.2400000000000002       -190.72719610599918     
  -8.2200000000000006       -189.69240725347629     
  -8.1999999999999993       -188.66129309168517     
  -8.1799999999999997       -187.63384721148057     
  -8.1600000000000001       -186.61006320371695     
  -8.1400000000000006       -185.58993465924891     
  -8.1199999999999992       -184.57345516893091     
  -8.0999999999999996       -183.56061832361769     
  -8.0800000000000001       -182.55141771416370     
  -8.0600000000000005       -181.54584693142354     
  -8.0399999999999991       -180.54389956625167     
  -8.0199999999999996       -179.54556920950282     
  -8.0000000000000000       -178.55084945203149     
  -7.9800000000000004       -177.55973388469221     
  -7.9600000000000000       -176.57221609833954     
  -7.9399999999999995       -175.58828968382798     
  -7.9199999999999999       -174.60794823201229     
  -7.9000000000000004       -173.63118533374694     
  -7.8799999999999999       -172.65799457988638     
  -7.8599999999999994       -171.68836956128530     
  -7.8399999999999999       -170.72230386879829     
  -7.8200000000000003       -169.75979109327983     
  -7.7999999999999998       -168.80082482558450     
  -7.7799999999999994       -167.84539865656677     
  -7.7599999999999998       -166.89350617708143     
  -7.7400000000000002       -165.94514097798290     
  -7.7199999999999998       -165.00029665012568     
  -7.6999999999999993       -164.05896678436451     
  -7.6799999999999997       -163.12114497155380     
  -7.6600000000000001       -162.18682480254822     
  -7.6400000000000006       -161.25599986820231     
  -7.6200000000000001       -160.32866375937056     
  -7.5999999999999996       -159.40481006690754     
  -7.5800000000000001       -158.48443238166794     
  -7.5600000000000005       -157.56752429450617     
  -7.5400000000000000       -156.65407939627684     
  -7.5199999999999996       -155.74409127783460     
  -7.5000000000000000       -154.83755353003397     
  -7.4800000000000004       -153.93445974372946     
  -7.4600000000000000       -153.03480350977568     
  -7.4399999999999995       -152.13857841902711     
  -7.4199999999999999       -151.24577806233845     
  -7.4000000000000004       -150.35639603056418     
  -7.3799999999999999       -149.47042591455880     
  -7.3599999999999994       -148.58786130517709     
  -7.3399999999999999       -147.70869579327342     
  -7.3200000000000003       -146.83292296970242     
  -7.2999999999999998       -145.96053642531868     
  -7.2799999999999994       -145.09152975097658     
  -7.2599999999999998       -144.22589653753096     
  -7.2400000000000002       -143.36363037583627     
  -7.2199999999999998       -142.50472485674692     
  -7.1999999999999993       -141.64917357111773     
  -7.1799999999999997       -140.79697010980311     
  -7.1600000000000001       -139.94810806365768     
  -7.1400000000000006       -139.10258102353598     
  -7.1200000000000001       -138.26038258029257     
  -7.0999999999999996       -137.42150632478194     
  -7.0800000000000001       -136.58594584785880     
  -7.0600000000000005       -135.75369474037763     
  -7.0400000000000000       -134.92474659319296     
  -7.0199999999999996       -134.09909499715948     
  -7.0000000000000000       -133.27673354313166     
  -6.9800000000000004       -132.45765582196407     
  -6.9600000000000000       -131.64185542451131     
  -6.9399999999999995       -130.82932594162781     
  -6.9199999999999999       -130.02006096416832     
  -6.9000000000000004       -129.21405408298733     
  -6.8799999999999999       -128.41129888893931     
  -6.8599999999999994       -127.61178897287898     
  -6.8399999999999999       -126.81551792566084     
  -6.8200000000000003       -126.02247933813943     
  -6.7999999999999998       -125.23266680116936     
  -6.7799999999999994       -124.44607390560508     
  -6.7599999999999998       -123.66269424230127     
  -6.7400000000000002       -122.88252140211250     
  -6.7199999999999998       -122.10554897589321     
  -6.6999999999999993       -121.33177055449809     
  -6.6799999999999997       -120.56117972878168     
  -6.6600000000000001       -119.79377008959854     
  -6.6400000000000006       -119.02953522780319     
  -6.6200000000000001       -118.26846873425022     
  -6.5999999999999996       -117.51056419979415     
  -6.5800000000000001       -116.75581521528960     
  -6.5600000000000005       -116.00421537159117     
  -6.5400000000000000       -115.25575825955328     
  -6.5199999999999996       -114.51043747003067     
  -6.5000000000000000       -113.76824659387782     
  -6.4800000000000004       -113.02917922194928     
  -6.4600000000000000       -112.29322894509963     
  -6.4399999999999995       -111.56038935418336     
  -6.4199999999999999       -110.83065404005518     
  -6.4000000000000004       -110.10401659356955     
  -6.3799999999999999       -109.38047060558104     
  -6.3599999999999994       -108.66000966694425     
  -6.3399999999999999       -107.94262736851374     
  -6.3200000000000003       -107.22831730114407     
  -6.2999999999999998       -106.51707305568981     
  -6.2799999999999994       -105.80888822300541     
  -6.2599999999999998       -105.10375639394562     
  -6.2400000000000002       -104.40167115936489     
  -6.2199999999999998       -103.70262611011776     
  -6.1999999999999993       -103.00661483705889     
  -6.1799999999999997       -102.31363093104281     
  -6.1600000000000001       -101.62366798292405     
  -6.1400000000000006       -100.93671958355719     
  -6.1200000000000001       -100.25277932379682     
  -6.0999999999999996       -99.571840794497405     
  -6.0800000000000001       -98.893897586513617     
  -6.0600000000000005       -98.218943290699997     
  -6.0400000000000000       -97.546971497911059     
  -6.0199999999999996       -96.877975799001433     
  -6.0000000000000000       -96.211949784825677     
  -5.9799999999999995       -95.548887046238320     
  -5.9600000000000000       -94.888781174093921     
  -5.9399999999999995       -94.231625759247009     
  -5.9199999999999999       -93.577414392552242     
  -5.9000000000000004       -92.926140664864150     
  -5.8799999999999999       -92.277798167037233     
  -5.8600000000000003       -91.632380489926149     
  -5.8399999999999999       -90.989881224385400     
  -5.8200000000000003       -90.350293961269585     
  -5.7999999999999998       -89.713612291433236     
  -5.7800000000000002       -89.079829805730952     
  -5.7599999999999998       -88.448940095017193     
  -5.7400000000000002       -87.820936750146672     
  -5.7199999999999998       -87.195813361973833     
  -5.7000000000000002       -86.573563521353350     
  -5.6799999999999997       -85.954180819139680     
  -5.6600000000000001       -85.337658846187480     
  -5.6399999999999997       -84.723991193351253     
  -5.6200000000000001       -84.113171451485570     
  -5.5999999999999996       -83.505193211444961     
  -5.5800000000000001       -82.900050064084056     
  -5.5599999999999996       -82.297735600257369     
  -5.5400000000000000       -81.698243410819515     
  -5.5199999999999996       -81.101567086625025     
  -5.5000000000000000       -80.507700218528484     
  -5.4799999999999995       -79.916636397384408     
  -5.4600000000000000       -79.328369214047399     
  -5.4399999999999995       -78.742892259371999     
  -5.4199999999999999       -78.160199124212795     
  -5.3999999999999995       -77.580283399424303     
  -5.3799999999999999       -77.003138675861180     
  -5.3600000000000003       -76.428758544377899     
  -5.3399999999999999       -75.857136595829033     
  -5.3200000000000003       -75.288266421069210     
  -5.2999999999999998       -74.722141610952917     
  -5.2800000000000002       -74.158755756334784     
  -5.2599999999999998       -73.598102448069312     
  -5.2400000000000002       -73.040175277011102     
  -5.2199999999999998       -72.484967834014697     
  -5.2000000000000002       -71.932473709934712     
  -5.1799999999999997       -71.382686495625634     
  -5.1600000000000001       -70.835599781942079     
  -5.1399999999999997       -70.291207159738590     
  -5.1200000000000001       -69.749502219869726     
  -5.0999999999999996       -69.210478553190072     
  -5.0800000000000001       -68.674129750554187     
  -5.0599999999999996       -68.140449402816614     
  -5.0400000000000000       -67.609431100831941     
  -5.0199999999999996       -67.081068435454696     
  -5.0000000000000000       -66.555354997539496     
  -4.9799999999999995       -66.032284377940840     
  -4.9600000000000000       -65.511850167513359     
  -4.9399999999999995       -64.994045957111553     
  -4.9199999999999999       -64.478865337590051     
  -4.8999999999999995       -63.966301899803348     
  -4.8799999999999999       -63.456349234606066     
  -4.8600000000000003       -62.949000932852741     
  -4.8399999999999999       -62.444250585397917     
  -4.8200000000000003       -61.942091783096203     
  -4.7999999999999998       -61.442518116802120     
  -4.7800000000000002       -60.945523177370262     
  -4.7599999999999998       -60.451100555655159     
  -4.7400000000000002       -59.959243842511412     
  -4.7199999999999998       -59.469946628793565     
  -4.7000000000000002       -58.983202505356189     
  -4.6799999999999997       -58.499005063053829     
  -4.6600000000000001       -58.017347892741071     
  -4.6399999999999997       -57.538224585272459     
  -4.6200000000000001       -57.061628731502594     
  -4.5999999999999996       -56.587553922285977     
  -4.5800000000000001       -56.115993748477237     
  -4.5599999999999996       -55.646941800930875     
  -4.5400000000000000       -55.180391670501507     
  -4.5199999999999996       -54.716336948043669     
  -4.5000000000000000       -54.254771224411947     
  -4.4799999999999995       -53.795688090460857     
  -4.4600000000000000       -53.339081137045035     
  -4.4399999999999995       -52.884943955018969     
  -4.4199999999999999       -52.433270135237279     
  -4.3999999999999995       -51.984053268554476     
  -4.3799999999999999       -51.537286945825187     
  -4.3600000000000003       -51.092964757903935     
  -4.3399999999999999       -50.651080295645279     
  -4.3200000000000003       -50.211627149903812     
  -4.2999999999999998       -49.774598911534049     
  -4.2800000000000002       -49.339989171390613     
  -4.2599999999999998       -48.907791520328011     
  -4.2400000000000002       -48.477999549200874     
  -4.2199999999999998       -48.050606848863673     
  -4.2000000000000002       -47.625607010171066     
  -4.1799999999999997       -47.202993623977555     
  -4.1600000000000001       -46.782760281137719     
  -4.1399999999999997       -46.364900572506123     
  -4.1200000000000001       -45.949408088937354     
  -4.0999999999999996       -45.536276421285926     
  -4.0800000000000001       -45.125499160406441     
  -4.0599999999999996       -44.717069897153436     
  -4.0400000000000000       -44.310982222381526     
  -4.0199999999999996       -43.907229726945211     
  -4.0000000000000000       -43.505806001699085     
  -3.9799999999999995       -43.106704637497700     
  -3.9600000000000000       -42.709919225195655     
  -3.9399999999999995       -42.315443355647446     
  -3.9199999999999999       -41.923270619707708     
  -3.8999999999999995       -41.533394608230957     
  -3.8799999999999999       -41.145808912071786     
  -3.8599999999999994       -40.760507122084718     
  -3.8399999999999999       -40.377482829124375     
  -3.8200000000000003       -39.996729624045280     
  -3.7999999999999998       -39.618241097701976     
  -3.7800000000000002       -39.242010840949085     
  -3.7599999999999998       -38.868032444641123     
  -3.7400000000000002       -38.496299499632691     
  -3.7199999999999998       -38.126805596778304     
  -3.7000000000000002       -37.759544326932577     
  -3.6799999999999997       -37.394509280950032     
  -3.6600000000000001       -37.031694049685271     
  -3.6399999999999997       -36.671092223992815     
  -3.6200000000000001       -36.312697394727266     
  -3.5999999999999996       -35.956503152743153     
  -3.5800000000000001       -35.602503088895077     
  -3.5599999999999996       -35.250690794037567     
  -3.5400000000000000       -34.901059859025210     
  -3.5199999999999996       -34.553603874712543     
  -3.5000000000000000       -34.208316431954174     
  -3.4799999999999995       -33.865191121604610     
  -3.4600000000000000       -33.524221534518460     
  -3.4399999999999995       -33.185401261550261     
  -3.4199999999999999       -32.848723893554599     
  -3.3999999999999995       -32.514183021386017     
  -3.3799999999999999       -32.181772235899089     
  -3.3599999999999994       -31.851485127948365     
  -3.3399999999999999       -31.523315288388432     
  -3.3200000000000003       -31.197256308073847     
  -3.2999999999999998       -30.873301777859151     
  -3.2800000000000002       -30.551445288598931     
  -3.2599999999999998       -30.231680431147730     
  -3.2400000000000002       -29.914000796360135     
  -3.2199999999999998       -29.598399975090690     
  -3.2000000000000002       -29.284871558193981     
  -3.1799999999999997       -28.973409136524541     
  -3.1600000000000001       -28.664006300936961     
  -3.1399999999999997       -28.356656642285781     
  -3.1200000000000001       -28.051353751425591     
  -3.0999999999999996       -27.748091219210924     
  -3.0800000000000001       -27.446862636496373     
  -3.0599999999999996       -27.147661594136476     
  -3.0400000000000000       -26.850481682985819     
  -3.0199999999999996       -26.555316493898943     
  -3.0000000000000000       -26.262159617730433     
  -2.9799999999999995       -25.971004645334830     
  -2.9600000000000000       -25.681845167566724     
  -2.9399999999999995       -25.394674775280649     
  -2.9199999999999999       -25.109487059331197     
  -2.8999999999999995       -24.826275610572903     
  -2.8799999999999999       -24.545034019860363     
  -2.8599999999999994       -24.265755878048108     
  -2.8399999999999999       -23.988434775990726     
  -2.8200000000000003       -23.713064304542769     
  -2.7999999999999998       -23.439638054558795     
  -2.7800000000000002       -23.168149616893380     
  -2.7599999999999998       -22.898592582401076     
  -2.7400000000000002       -22.630960541936464     
  -2.7199999999999998       -22.365247086354074     
  -2.7000000000000002       -22.101445806508515     
  -2.6799999999999997       -21.839550293254305     
  -2.6600000000000001       -21.579554137446046     
  -2.6399999999999997       -21.321450929938266     
  -2.6200000000000001       -21.065234261585566     
  -2.5999999999999996       -20.810897723242476     
  -2.5800000000000001       -20.558434905763576     
  -2.5599999999999996       -20.307839400003431     
  -2.5400000000000000       -20.059104796816602     
  -2.5199999999999996       -19.812224687057640     
  -2.5000000000000000       -19.567192661581128     
  -2.4799999999999995       -19.324002311241614     
  -2.4600000000000000       -19.082647226893677     
  -2.4399999999999995       -18.843120999391854     
  -2.4199999999999999       -18.605417219590741     
  -2.3999999999999995       -18.369529478344880     
  -2.3799999999999999       -18.135451366508846     
  -2.3599999999999994       -17.903176474937187     
  -2.3399999999999999       -17.672698394484485     
  -2.3200000000000003       -17.444010716005295     
  -2.2999999999999998       -17.217107030354171     
  -2.2800000000000002       -16.991980928385694     
  -2.2599999999999998       -16.768626000954413     
  -2.2400000000000002       -16.547035838914901     
  -2.2199999999999998       -16.327204033121713     
  -2.2000000000000002       -16.109124174429425     
  -2.1799999999999997       -15.892789853692580     
  -2.1600000000000001       -15.678194661765765     
  -2.1399999999999997       -15.465332189503528     
  -2.1200000000000001       -15.254196027760440     
  -2.0999999999999996       -15.044779767391052     
  -2.0800000000000001       -14.837076999249948     
  -2.0599999999999996       -14.631081314191668     
  -2.0400000000000000       -14.426786303070795     
  -2.0199999999999996       -14.224185556741880     
  -2.0000000000000000       -14.023272666059501     
  -1.9800000000000004       -13.824041221878208     
  -1.9599999999999991       -13.626484815052551     
  -1.9399999999999995       -13.430597036437131     
  -1.9199999999999999       -13.236371476886486     
  -1.9000000000000004       -13.043801727255186     
  -1.8799999999999990       -12.852881378397775     
  -1.8599999999999994       -12.663604021168851     
  -1.8399999999999999       -12.475963246422960     
  -1.8200000000000003       -12.289952645014665     
  -1.8000000000000007       -12.105565807798532     
  -1.7799999999999994       -11.922796325629106     
  -1.7599999999999998       -11.741637789360981     
  -1.7400000000000002       -11.562083789848710     
  -1.7200000000000006       -11.384127917946852     
  -1.6999999999999993       -11.207763764509954     
  -1.6799999999999997       -11.032984920392614     
  -1.6600000000000001       -10.859784976449376     
  -1.6400000000000006       -10.688157523534805     
  -1.6199999999999992       -10.518096152503450     
  -1.5999999999999996       -10.349594454209907     
  -1.5800000000000001       -10.182646019508717     
  -1.5600000000000005       -10.017244439254451     
  -1.5399999999999991       -9.8533833043016550     
  -1.5199999999999996       -9.6910562055049194     
  -1.5000000000000000       -9.5302567337187973     
  -1.4800000000000004       -9.3709784797978486     
  -1.4599999999999991       -9.2132150345966242     
  -1.4399999999999995       -9.0569599889697159     
  -1.4199999999999999       -8.9022069337716712     
  -1.4000000000000004       -8.7489494598570552     
  -1.3799999999999990       -8.5971811580804172     
  -1.3599999999999994       -8.4468956192963489     
  -1.3399999999999999       -8.2980864343593996     
  -1.3200000000000003       -8.1507471941241292     
  -1.2999999999999989       -8.0048714894450939     
  -1.2799999999999994       -7.8604529111768802     
  -1.2599999999999998       -7.7174850501740382     
  -1.2400000000000002       -7.5759614972911322     
  -1.2200000000000006       -7.4358758433827230     
  -1.1999999999999993       -7.2972216793033642     
  -1.1799999999999997       -7.1599925959076440     
  -1.1600000000000001       -7.0241821840501135     
  -1.1400000000000006       -6.8897840345853361     
  -1.1199999999999992       -6.7567917383678626     
  -1.0999999999999996       -6.6251988862522797     
  -1.0800000000000001       -6.4949990690931392     
  -1.0600000000000005       -6.3661858777450062     
  -1.0399999999999991       -6.2387529030624309     
  -1.0199999999999996       -6.1126937358999998     
  -1.0000000000000000       -5.9880019671122646     
 -0.98000000000000043       -5.8646711875537907     
 -0.95999999999999908       -5.7426949880791280     
 -0.93999999999999950       -5.6220669595428632     
 -0.91999999999999993       -5.5027806927995480     
 -0.90000000000000036       -5.3848297787037467     
 -0.87999999999999901       -5.2682078081100121     
 -0.85999999999999943       -5.1529083718729272     
 -0.83999999999999986       -5.0389250608470482     
 -0.82000000000000028       -4.9262514658869341     
 -0.79999999999999893       -4.8148811778471421     
 -0.77999999999999936       -4.7048077875822525     
 -0.75999999999999979       -4.5960248859468216     
 -0.74000000000000021       -4.4885260637954101     
 -0.72000000000000064       -4.3823049119825832     
 -0.69999999999999929       -4.2773550213628946     
 -0.67999999999999972       -4.1736699827909254     
 -0.66000000000000014       -4.0712433871212337     
 -0.64000000000000057       -3.9700688252083758     
 -0.61999999999999922       -3.8701398879069124     
 -0.59999999999999964       -3.7714501660714221     
 -0.58000000000000007       -3.6739932505564594     
 -0.56000000000000050       -3.5777627322165890     
 -0.53999999999999915       -3.4827522019063641     
 -0.51999999999999957       -3.3889552504803668     
 -0.50000000000000000       -3.2963654687931503     
 -0.48000000000000043       -3.2049764476992793     
 -0.45999999999999908       -3.1147817780533078     
 -0.43999999999999950       -3.0257750507098176     
 -0.41999999999999993       -2.9379498565233608     
 -0.40000000000000036       -2.8512997863485046     
 -0.37999999999999901       -2.7658184310398020     
 -0.35999999999999943       -2.6814993814518329     
 -0.33999999999999986       -2.5983362284391522     
 -0.32000000000000028       -2.5163225628563239     
 -0.29999999999999893       -2.4354519755579038     
 -0.27999999999999936       -2.3557180573984704     
 -0.25999999999999979       -2.2771143992325795     
 -0.24000000000000021       -2.1996345919147950     
 -0.22000000000000064       -2.1232722262996790     
 -0.19999999999999929       -2.0480208932417896     
 -0.17999999999999972       -1.9738741835957030     
 -0.16000000000000014       -1.9008256882159755     
 -0.14000000000000057       -1.8288689979571715     
 -0.11999999999999922       -1.7579977036738477     
  -9.9999999999999645E-002  -1.6882053962205799     
  -8.0000000000000071E-002  -1.6194856664519248     
  -6.0000000000000497E-002  -1.5518321052224464     
  -3.9999999999999147E-002  -1.4852383033867025     
  -1.9999999999999574E-002  -1.4196978517992671     
   0.0000000000000000       -1.3552043413146995     
   1.9999999999999574E-002  -1.2917513627875616     
   4.0000000000000924E-002  -1.2293325070724117     
   6.0000000000000497E-002  -1.1679413650238253     
   8.0000000000000071E-002  -1.1075715274963587     
   9.9999999999999645E-002  -1.0482165853445755     
  0.12000000000000099      -0.98987012942303543     
  0.14000000000000057      -0.93252575058631071     
  0.16000000000000014      -0.87617703968895966     
  0.17999999999999972      -0.82081758758554635     
  0.20000000000000107      -0.76644098513062930     
  0.22000000000000064      -0.71304082317878148     
  0.24000000000000021      -0.66061069258456095     
  0.25999999999999979      -0.60914418420253202     
  0.27999999999999936      -0.55863488888725765     
  0.30000000000000071      -0.50907639749329681     
  0.32000000000000028      -0.46046230087522133     
  0.33999999999999986      -0.41278618988759064     
  0.35999999999999943      -0.36604165538496902     
  0.38000000000000078      -0.32022228822191390     
  0.40000000000000036      -0.27532167925299800     
  0.41999999999999993      -0.23133341933278095     
  0.43999999999999950      -0.18825109931582529     
  0.46000000000000085      -0.14606831005669085     
  0.48000000000000043      -0.10477864240994950     
  0.50000000000000000       -6.4375687230159739E-002
  0.51999999999999957       -2.4853035371885213E-002
  0.54000000000000092        1.3795722310313785E-002
  0.56000000000000050        5.1576994961866629E-002
  0.58000000000000007        8.8497191728214020E-002
  0.59999999999999964       0.12456272175479277     
  0.62000000000000099       0.15977999418704159     
  0.64000000000000057       0.19415541817039184     
  0.66000000000000014       0.22769540285028278     
  0.67999999999999972       0.26040635737215101     
  0.70000000000000107       0.29229469088143534     
  0.72000000000000064       0.32336681252356803     
  0.74000000000000021       0.35362913144398755     
  0.75999999999999979       0.38308805678813107     
  0.77999999999999936       0.41174999770143428     
  0.80000000000000071       0.43962136332933721     
  0.82000000000000028       0.46670856281727124     
  0.83999999999999986       0.49301800531067508     
  0.85999999999999943       0.51855609995498553     
  0.88000000000000078       0.54332925589564152     
  0.90000000000000036       0.56734388227807520     
  0.91999999999999993       0.59060638824772449     
  0.93999999999999950       0.61312318295002777     
  0.96000000000000085       0.63490067553042229     
  0.98000000000000043       0.65594527513434087     
   1.0000000000000000       0.67626339090722243     
   1.0199999999999996       0.69586143199450334     
   1.0400000000000009       0.71474580754162198     
   1.0600000000000005       0.73292292669401116     
   1.0800000000000001       0.75039919859710968     
   1.0999999999999996       0.76718103239635393     
   1.1200000000000010       0.78327483723718194     
   1.1400000000000006       0.79868702226502741     
   1.1600000000000001       0.81342399662532872     
   1.1799999999999997       0.82749216946352178     
   1.2000000000000011       0.84089794992504441     
   1.2200000000000006       0.85364774715533165     
   1.2400000000000002       0.86574797029982098     
   1.2599999999999998       0.87720502850394833     
   1.2799999999999994       0.88802533091315083     
   1.3000000000000007       0.89821528667286576     
   1.3200000000000003       0.90778130492852838     
   1.3399999999999999       0.91672979482557548     
   1.3599999999999994       0.92506716550944434     
   1.3800000000000008       0.93279982612557177     
   1.4000000000000004       0.93993418581939303     
   1.4199999999999999       0.94647665373634582     
   1.4399999999999995       0.95243363902186606     
   1.4600000000000009       0.95781155082139136     
   1.4800000000000004       0.96261679828035707     
   1.5000000000000000       0.96685579054420023     
   1.5199999999999996       0.97053493675835789     
   1.5400000000000009       0.97366064606826652     
   1.5600000000000005       0.97623932761936183     
   1.5800000000000001       0.97827739055708152     
   1.5999999999999996       0.97978124402686173     
   1.6200000000000010       0.98075729717413895     
   1.6400000000000006       0.98121195914434978     
   1.6600000000000001       0.98115163908293113     
   1.6799999999999997       0.98058274613531948     
   1.7000000000000011       0.97951168944695077     
   1.7200000000000006       0.97794487816326259     
   1.7400000000000002       0.97588872142969119     
   1.7599999999999998       0.97334962839167316     
   1.7799999999999994       0.97033400819464466     
   1.8000000000000007       0.96684826998404227     
   1.8200000000000003       0.96289882290530338     
   1.8399999999999999       0.95849207610386422     
   1.8599999999999994       0.95363443872516096     
   1.8800000000000008       0.94833231991463063     
   1.9000000000000004       0.94259212881770960     
   1.9199999999999999       0.93642027457983501     
   1.9399999999999995       0.92982316634644269     
   1.9600000000000009       0.92280721326296933     
   1.9800000000000004       0.91537882447485208     
   2.0000000000000000       0.90754440912752732     
   2.0199999999999996       0.89931037636643152     
   2.0400000000000009       0.89068313533700039     
   2.0600000000000005       0.88166909518467240     
   2.0800000000000001       0.87227466505488294     
   2.0999999999999996       0.86250625409306902     
   2.1200000000000010       0.85237027144466604     
   2.1400000000000006       0.84187312625511246     
   2.1600000000000001       0.83102122766984399     
   2.1799999999999997       0.81982098483429733     
   2.2000000000000011       0.80827880689390785     
   2.2200000000000006       0.79640110299411437     
   2.2400000000000002       0.78419428228035237     
   2.2599999999999998       0.77166475389805833     
   2.2800000000000011       0.75881892699266795     
   2.3000000000000007       0.74566321070961994     
   2.3200000000000003       0.73220401419434966     
   2.3399999999999999       0.71844774659229393     
   2.3599999999999994       0.70440081704888935     
   2.3800000000000008       0.69006963470957094     
   2.4000000000000004       0.67546060871977798     
   2.4199999999999999       0.66058014822494615     
   2.4399999999999995       0.64543466237051150     
   2.4600000000000009       0.63003056030190940     
   2.4800000000000004       0.61437425116457944     
   2.5000000000000000       0.59847214410395655     
   2.5199999999999996       0.58233064826547742     
   2.5400000000000009       0.56595617279457733     
   2.5600000000000005       0.54935512683669552     
   2.5800000000000001       0.53253391953726725     
   2.5999999999999996       0.51549896004172935     
   2.6200000000000010       0.49825665749551645     
   2.6400000000000006       0.48081342104406843     
   2.6600000000000001       0.46317565983282033     
   2.6799999999999997       0.44534978300720879     
   2.7000000000000011       0.42734219971266868     
   2.7200000000000006       0.40915931909463993     
   2.7400000000000002       0.39080755029855740     
   2.7599999999999998       0.37229330246985787     
   2.7800000000000011       0.35362298475397608     
   2.8000000000000007       0.33480300629635196     
   2.8200000000000003       0.31583977624242054     
   2.8399999999999999       0.29673970373761832     
   2.8599999999999994       0.27750919792738199     
   2.8800000000000008       0.25815466795714642     
   2.9000000000000004       0.23868252297235154     
   2.9199999999999999       0.21909917211843227     
   2.9399999999999995       0.19941102454082524     
   2.9600000000000009       0.17962448938496525     
   2.9800000000000004       0.15974597579629241     
   3.0000000000000000       0.13978189292024149     
   3.0199999999999996       0.11973864990224919     
   3.0400000000000009        9.9622655887750294E-002
   3.0600000000000005        7.9440320022184915E-002
   3.0800000000000001        5.9198051450987887E-002
   3.0999999999999996        3.8902259319595817E-002
   3.1200000000000010        1.8559352773443491E-002
   3.1400000000000006       -1.8242590420289237E-003
   3.1600000000000001       -2.2242166981386619E-002
   3.1799999999999997       -4.2687961899193008E-002
   3.2000000000000011       -6.3155234650013312E-002
   3.2200000000000006       -8.3637576088407301E-002
   3.2400000000000002      -0.10412857706894019     
   3.2599999999999998      -0.12462182844617528     
   3.2800000000000011      -0.14511092107467810     
   3.3000000000000007      -0.16558944580900814     
   3.3200000000000003      -0.18605099350373072     
   3.3399999999999999      -0.20648915501340936     
   3.3599999999999994      -0.22689752119260725     
   3.3800000000000008      -0.24726968289588980     
   3.4000000000000004      -0.26759923097781668     
   3.4199999999999999      -0.28787975629295298     
   3.4399999999999995      -0.30810484969586244     
   3.4600000000000009      -0.32826810204111007     
   3.4800000000000004      -0.34836310418325567     
   3.5000000000000000      -0.36838344697686454     
   3.5199999999999996      -0.38832272127650008     
   3.5400000000000009      -0.40817451793672732     
   3.5600000000000005      -0.42793242781210628     
   3.5800000000000001      -0.44759004175720207     
   3.5999999999999996      -0.46714095062657801     
   3.6200000000000010      -0.48657874527479950     
   3.6400000000000006      -0.50589701655642616     
   3.6600000000000001      -0.52508935532602352     
   3.6799999999999997      -0.54414935243815465     
   3.7000000000000011      -0.56307059874738474     
   3.7200000000000006      -0.58184668510827386     
   3.7400000000000002      -0.60047120237538709     
   3.7599999999999998      -0.61893774140328794     
   3.7800000000000011      -0.63723989304654105     
   3.8000000000000007      -0.65537124815970726     
   3.8200000000000003      -0.67332539759735088     
   3.8399999999999999      -0.69109593221403576     
   3.8599999999999994      -0.70867644286432541     
   3.8800000000000008      -0.72606052040278413     
   3.9000000000000004      -0.74324175568397299     
   3.9199999999999999      -0.76021373956245664     
   3.9399999999999995      -0.77697006289279846     
   3.9600000000000009      -0.79350431652956299     
   3.9800000000000004      -0.80981009132731163     
   4.0000000000000000      -0.82588097814060824     
   4.0199999999999996      -0.84171056782401688     
   4.0400000000000009      -0.85729245123210218     
   4.0600000000000005      -0.87262021921942468     
   4.0800000000000001      -0.88768746264054899     
   4.0999999999999996      -0.90248777235003907     
   4.1200000000000010      -0.91701473920245935     
   4.1400000000000006      -0.93126195405237022     
   4.1600000000000001      -0.94522300775433699     
   4.1799999999999997      -0.95889149116292305     
   4.2000000000000011      -0.97226099513269248     
   4.2200000000000006      -0.98532511051820637     
   4.2400000000000002      -0.99807742817403022     
   4.2599999999999998       -1.0105115389547263     
   4.2800000000000011       -1.0226210337148598     
   4.3000000000000007       -1.0343995033089919     
   4.3200000000000003       -1.0458405385916865     
   4.3399999999999999       -1.0569377304175078     
   4.3599999999999994       -1.0676846696410189     
   4.3800000000000008       -1.0780749471167836     
   4.4000000000000004       -1.0881021536993645     
   4.4199999999999999       -1.0977598802433253     
   4.4399999999999995       -1.1070417176032290     
   4.4600000000000009       -1.1159412566336404     
   4.4800000000000004       -1.1244520881891218     
   4.5000000000000000       -1.1325678031242365     
   4.5199999999999996       -1.1402819922935481     
   4.5400000000000009       -1.1475882465516209     
   4.5600000000000005       -1.1544801567530170     
   4.5800000000000001       -1.1609513137523000     
   4.5999999999999996       -1.1669953084040334     
   4.6200000000000010       -1.1726057315627825     
   4.6400000000000006       -1.1777761740831079     
   4.6600000000000001       -1.1825002268195737     
   4.6799999999999997       -1.1867714806267438     
   4.7000000000000011       -1.1905835263591831     
   4.7200000000000006       -1.1939299548714519     
   4.7400000000000002       -1.1968043570181155     
   4.7599999999999998       -1.1992003236537372     
   4.7800000000000011       -1.2011114456328806     
   4.8000000000000007       -1.2025313138101084     
   4.8200000000000003       -1.2034535190399844     
   4.8399999999999999       -1.2038716521770716     
   4.8599999999999994       -1.2037793040759346     
   4.8800000000000008       -1.2031700655911346     
   4.9000000000000004       -1.2020375275772373     
   4.9199999999999999       -1.2003752808888051     
   4.9399999999999995       -1.1981769163804017     
   4.9600000000000009       -1.1954360249065894     
   4.9800000000000004       -1.1921461973219332     
   5.0000000000000000       -1.1883010244809955     
   5.0199999999999996       -1.1838940972383409     
   5.0400000000000009       -1.1789190064485306     
   5.0600000000000005       -1.1733693429661298     
   5.0800000000000001       -1.1672386976457014     
   5.0999999999999996       -1.1605206613418089     
   5.1200000000000010       -1.1532088249090151     
   5.1400000000000006       -1.1452967792018849     
   5.1600000000000001       -1.1367781150749807     
   5.1799999999999997       -1.1276464233828656     
   5.2000000000000011       -1.1178952949801029     
   5.2200000000000006       -1.1075183207212569     
   5.2400000000000002       -1.0965090914608906     
   5.2599999999999998       -1.0848611980535683     
   5.2800000000000011       -1.0725682313538507     
   5.3000000000000007       -1.0596237822163044     
   5.3200000000000003       -1.0460214414954918     
   5.3399999999999999       -1.0317548000459751     
   5.3599999999999994       -1.0168174487223189     
   5.3800000000000008       -1.0012029783790846     
   5.4000000000000004      -0.98490497987083936     
   5.4199999999999999      -0.96791704405214407     
   5.4399999999999995      -0.95023276177756211     
   5.4600000000000009      -0.93184572390165554     
   5.4800000000000004      -0.91274952127899267     
   5.5000000000000000      -0.89293774476413246     
   5.5199999999999996      -0.87240398521164009     
   5.5400000000000009      -0.85114183347607764     
   5.5600000000000005      -0.82914488041200984     
   5.5800000000000001      -0.80640671687400012     
   5.5999999999999996      -0.78292093371661142     
   5.6200000000000010      -0.75868112179440494     
   5.6400000000000006      -0.73368087196194942     
   5.6600000000000001      -0.70791377507380293     
   5.6799999999999997      -0.68137342198453421     
   5.7000000000000011      -0.65405340354869956     
   5.7200000000000006      -0.62594731062086773     
   5.7400000000000002      -0.59704873405560122     
   5.7599999999999998      -0.56735126470746433     
   5.7800000000000011      -0.53684849343101693     
   5.8000000000000007      -0.50553401108082596     
   5.8200000000000003      -0.47340140851145307     
   5.8399999999999999      -0.44044427657746255     
   5.8600000000000012      -0.40665620613341513     
   5.8800000000000008      -0.37203078803387868     
   5.9000000000000004      -0.33656161313341659     
   5.9199999999999999      -0.30024227228658695     
   5.9399999999999995      -0.26306635634795672     
   5.9600000000000009      -0.22502745617208753     
   5.9800000000000004      -0.18611916261354633     
   6.0000000000000000      -0.14633506652689476     
   6.0199999999999996      -0.10566875876669535     
   6.0399999999999991       -6.4113830187510601E-002
   6.0599999999999987       -2.1663871643907484E-002
   6.0800000000000018        2.1687526009561253E-002
   6.1000000000000014        6.5946771918316216E-002
   6.1200000000000010       0.11112027522780110     
   6.1400000000000006       0.15721444508345339     
   6.1600000000000001       0.20423569063070879     
   6.1799999999999997       0.25219042101500566     
   6.1999999999999993       0.30108504538177705     
   6.2199999999999989       0.35092597287646310     
   6.2400000000000020       0.40171961264450839     
   6.2600000000000016       0.45347237383132910     
   6.2800000000000011       0.50619066558237602     
   6.3000000000000007       0.55988089704308042     
   6.3200000000000003       0.61454947735888243     
   6.3399999999999999       0.67020281567521600     
   6.3599999999999994       0.72684732113752037     
   6.3799999999999990       0.78448940289122948     
   6.3999999999999986       0.84313547008178080     
   6.4200000000000017       0.90279193185462425     
   6.4400000000000013       0.96346519735517155     
   6.4600000000000009        1.0251616757288700     
   6.4800000000000004        1.0878877761211596     
   6.5000000000000000        1.1516499076774735     
   6.5199999999999996        1.2164544795432501     
   6.5399999999999991        1.2823079008639242     
   6.5599999999999987        1.3492165807849350     
   6.5800000000000018        1.4171869284517307     
   6.6000000000000014        1.4862253530097220     
   6.6200000000000010        1.5563382636043581     
   6.6400000000000006        1.6275320693810764     
   6.6600000000000001        1.6998131794853117     
   6.6799999999999997        1.7731880030625051     
   6.6999999999999993        1.8476629492580869     
   6.7199999999999989        1.9232444272174973     
   6.7400000000000020        1.9999388460861862     
   6.7600000000000016        2.0777526150095635     
   6.7800000000000011        2.1566921431330801     
   6.8000000000000007        2.2367638396021672     
   6.8200000000000003        2.3179741135622667     
   6.8399999999999999        2.4003293741588170     
   6.8599999999999994        2.4838360305372493     
   6.8799999999999990        2.5685004918430021     
   6.8999999999999986        2.6543291672215137     
   6.9200000000000017        2.7413284658182313     
   6.9400000000000013        2.8295047967785685     
   6.9600000000000009        2.9188645692479707     
   6.9800000000000004        3.0094141923718762     
   7.0000000000000000        3.1011600752957236     
   7.0199999999999996        3.1941086271649457     
   7.0399999999999991        3.2882662571249845     
   7.0599999999999987        3.3836393743212696     
   7.0800000000000018        3.4802343878992623     
   7.1000000000000014        3.5780577070043620     
   7.1200000000000010        3.6771157407820176     
   7.1400000000000006        3.7774148983776712     
   7.1600000000000001        3.8789615889367592     
   7.1799999999999997        3.9817622216047166     
   7.1999999999999993        4.0858232055269799     
   7.2199999999999989        4.1911509498489856     
   7.2400000000000020        4.2977518637161900     
   7.2600000000000016        4.4056323562739923     
   7.2800000000000011        4.5147988366678469     
   7.3000000000000007        4.6252577140431903     
   7.3200000000000003        4.7370153975454610     
   7.3399999999999999        4.8500782963200919     
   7.3599999999999994        4.9644528195125233     
   7.3799999999999990        5.0801453762681898     
   7.4000000000000021        5.1971623757325496     
   7.4200000000000017        5.3155102270509946     
   7.4400000000000013        5.4351953393689918     
   7.4600000000000009        5.5562241218319652     
   7.4800000000000004        5.6786029835853586     
   7.5000000000000000        5.8023383337746086     
   7.5199999999999996        5.9274365815451517     
   7.5399999999999991        6.0539041360424157     
   7.5599999999999987        6.1817474064118496     
   7.5800000000000018        6.3109728017989113     
   7.6000000000000014        6.4415867313489859     
   7.6200000000000010        6.5735956042075330     
   7.6400000000000006        6.7070058295199928     
   7.6600000000000001        6.8418238164318019     
   7.6799999999999997        6.9780559740883952     
   7.6999999999999993        7.1157087116352109     
   7.7199999999999989        7.2547884382176804     
   7.7400000000000020        7.3953015629812739     
   7.7600000000000016        7.5372544950713660     
   7.7800000000000011        7.6806536436334305     
   7.8000000000000007        7.8255054178128987     
   7.8200000000000003        7.9718162267552053     
   7.8399999999999999        8.1195924796057923     
   7.8599999999999994        8.2688405855100946     
   7.8799999999999990        8.4195669536135469     
   7.9000000000000021        8.5717779930616089     
   7.9200000000000017        8.7254801129996693     
   7.9400000000000013        8.8806797225731913     
   7.9600000000000009        9.0373832309276096     
   7.9800000000000004        9.1955970472083628     
   8.0000000000000000        9.3553275805608820     
   8.0199999999999996        9.5165812401306109     
   8.0399999999999991        9.6793644350629826     
   8.0599999999999987        9.8436835745034319     
   8.0800000000000018        10.009545067597429     
   8.1000000000000014        10.176955323490350     
   8.1200000000000010        10.345920751327661     
   8.1400000000000006        10.516447760254797     
   8.1600000000000001        10.688542759417196     
   8.1799999999999997        10.862212157960293     
   8.1999999999999993        11.037462365029532     
   8.2199999999999989        11.214299789770333     
   8.2400000000000020        11.392730841328184     
   8.2600000000000016        11.572761928848443     
   8.2800000000000011        11.754399461476590     
   8.3000000000000007        11.937649848358051     
   8.3200000000000003        12.122519498638267     
   8.3399999999999999        12.309014821462677     
   8.3599999999999994        12.497142225976717     
   8.3799999999999990        12.686908121325821     
   8.4000000000000021        12.878318916655463     
   8.4200000000000017        13.071381021111007     
   8.4400000000000013        13.266100843837924     
   8.4600000000000009        13.462484793981655     
   8.4800000000000004        13.660539280687631     
   8.5000000000000000        13.860270713101301     
   8.5199999999999996        14.061685500368084     
   8.5399999999999991        14.264790051633430     
   8.5599999999999987        14.469590776042768     
   8.5800000000000018        14.676094082741567     
   8.6000000000000014        14.884306380875207     
   8.6200000000000010        15.094234079589150     
   8.6400000000000006        15.305883588028829     
   8.6600000000000001        15.519261315339691     
   8.6799999999999997        15.734373670667164     
   8.6999999999999993        15.951227063156690     
   8.7199999999999989        16.169827901953703     
   8.7400000000000020        16.390182596203680     
   8.7600000000000016        16.612297555051974     
   8.7800000000000011        16.836179187644063     
   8.8000000000000007        17.061833903125397     
   8.8200000000000003        17.289268110641395     
   8.8399999999999999        17.518488219337495     
   8.8599999999999994        17.749500638359137     
   8.8799999999999990        17.982311776851777     
   8.9000000000000021        18.216928043960856     
   8.9200000000000017        18.453355848831755     
   8.9400000000000013        18.691601600609943     
   8.9600000000000009        18.931671708440859     
   8.9800000000000004        19.173572581469941     
   9.0000000000000000        19.417310628842610     
   9.0199999999999996        19.662892259704329     
   9.0399999999999991        19.910323883200512     
   9.0599999999999987        20.159611908476606     
   9.0800000000000018        20.410762744678095     
   9.1000000000000014        20.663782800950308     
   9.1200000000000010        20.918678486438750     
   9.1400000000000006        21.175456210288857     
   9.1600000000000001        21.434122381646045     
   9.1799999999999997        21.694683409655770     
   9.1999999999999993        21.957145703463453     
   9.2199999999999989        22.221515672214533     
   9.2400000000000020        22.487799725054515     
   9.2600000000000016        22.756004271128710     
   9.2800000000000011        23.026135719582623     
   9.3000000000000007        23.298200479561682     
   9.3200000000000003        23.572204960211330     
   9.3399999999999999        23.848155570677001     
   9.3599999999999994        24.126058720104126     
   9.3799999999999990        24.405920817638155     
   9.4000000000000021        24.687748272424553     
   9.4200000000000017        24.971547493608671     
   9.4400000000000013        25.257324890335997     
   9.4600000000000009        25.545086871751966     
   9.4800000000000004        25.834839847002016     
   9.5000000000000000        26.126590225231570     
   9.5199999999999996        26.420344415586079     
   9.5399999999999991        26.716108827210974     
   9.5599999999999987        27.013889869251699     
   9.5800000000000018        27.313693950853732     
   9.6000000000000014        27.615527481162413     
   9.6200000000000010        27.919396869323229     
   9.6400000000000006        28.225308524481612     
   9.6600000000000001        28.533268855783007     
   9.6799999999999997        28.843284272372845     
   9.6999999999999993        29.155361183396558     
   9.7199999999999989        29.469505997999597     
   9.7400000000000020        29.785725125327435     
   9.7600000000000016        30.104024974525405     
   9.7800000000000011        30.424411954739011     
   9.8000000000000007        30.746892475113683     
   9.8200000000000003        31.071472944794845     
   9.8399999999999999        31.398159772927944     
   9.8599999999999994        31.726959368658424     
   9.8799999999999990        32.057878141131710     
   9.9000000000000021        32.390922499493300     
   9.9200000000000017        32.726098852888512     
   9.9400000000000013        33.063413610462852     
   9.9600000000000009        33.402873181361741     
   9.9800000000000004        33.744483974730628     
