  -10.000000000000000       -676.63674874600815     
  -9.9800000000000004       -669.31498178194522     
  -9.9600000000000009       -662.05548803347756     
  -9.9399999999999995       -654.85787791091400     
  -9.9199999999999999       -647.72176341810780     
  -9.9000000000000004       -640.64675814925317     
  -9.8800000000000008       -633.63247728568842     
  -9.8599999999999994       -626.67853759269292     
  -9.8399999999999999       -619.78455741629261     
  -9.8200000000000003       -612.95015668005328     
  -9.8000000000000007       -606.17495688188581     
  -9.7799999999999994       -599.45858109084281     
  -9.7599999999999998       -592.80065394392352     
  -9.7400000000000002       -586.20080164286810     
  -9.7200000000000006       -579.65865195096103     
  -9.6999999999999993       -573.17383418983104     
  -9.6799999999999997       -566.74597923625174     
  -9.6600000000000001       -560.37471951893940     
  -9.6400000000000006       -554.05968901535516     
  -9.6199999999999992       -547.80052324850408     
  -9.5999999999999996       -541.59685928373722     
  -9.5800000000000001       -535.44833572554808     
  -9.5600000000000005       -529.35459271437639     
  -9.5399999999999991       -523.31527192340559     
  -9.5199999999999996       -517.33001655536577     
  -9.5000000000000000       -511.39847133933029     
  -9.4800000000000004       -505.52028252751830     
  -9.4600000000000009       -499.69509789209462     
  -9.4399999999999995       -493.92256672196828     
  -9.4199999999999999       -488.20233981959598     
  -9.4000000000000004       -482.53406949777821     
  -9.3800000000000008       -476.91740957646118     
  -9.3599999999999994       -471.35201537953782     
  -9.3399999999999999       -465.83754373164743     
  -9.3200000000000003       -460.37365295497409     
  -9.3000000000000007       -454.96000286604846     
  -9.2799999999999994       -449.59625477254787     
  -9.2599999999999998       -444.28207147009641     
  -9.2400000000000002       -439.01711723906385     
  -9.2200000000000006       -433.80105784136720     
  -9.1999999999999993       -428.63356051726976     
  -9.1799999999999997       -423.51429398218249     
  -9.1600000000000001       -418.44292842346294     
  -9.1400000000000006       -413.41913549721539     
  -9.1199999999999992       -408.44258832509166     
  -9.0999999999999996       -403.51296149109135     
  -9.0800000000000001       -398.62993103836135     
  -9.0600000000000005       -393.79317446599543     
  -9.0399999999999991       -389.00237072583559     
  -9.0199999999999996       -384.25720021927225     
  -9.0000000000000000       -379.55734479404271     
  -8.9800000000000004       -374.90248774103293     
  -8.9600000000000009       -370.29231379107642     
  -8.9399999999999995       -365.72650911175572     
  -8.9199999999999999       -361.20476130420172     
  -8.9000000000000004       -356.72675939989318     
  -8.8799999999999990       -352.29219385745768     
  -8.8599999999999994       -347.90075655947226     
  -8.8399999999999999       -343.55214080926214     
  -8.8200000000000003       -339.24604132770128     
  -8.8000000000000007       -334.98215425001331     
  -8.7799999999999994       -330.76017712257038     
  -8.7599999999999998       -326.57980889969508     
  -8.7400000000000002       -322.44074994045832     
  -8.7200000000000006       -318.34270200548099     
  -8.6999999999999993       -314.28536825373334     
  -8.6799999999999997       -310.26845323933640     
  -8.6600000000000001       -306.29166290835974     
  -8.6400000000000006       -302.35470459562390     
  -8.6199999999999992       -298.45728702149870     
  -8.5999999999999996       -294.59912028870531     
  -8.5800000000000001       -290.77991587911424     
  -8.5600000000000005       -286.99938665054691     
  -8.5399999999999991       -283.25724683357498     
  -8.5199999999999996       -279.55321202832170     
  -8.5000000000000000       -275.88699920126021     
  -8.4800000000000004       -272.25832668201474     
  -8.4600000000000009       -268.66691416016084     
  -8.4399999999999995       -265.11248268202473     
  -8.4199999999999999       -261.59475464748482     
  -8.4000000000000004       -258.11345380677005     
  -8.3799999999999990       -254.66830525726095     
  -8.3599999999999994       -251.25903544029018     
  -8.3399999999999999       -247.88537213794174     
  -8.3200000000000003       -244.54704446985158     
  -8.3000000000000007       -241.24378289000745     
  -8.2799999999999994       -237.97531918354898     
  -8.2599999999999998       -234.74138646356903     
  -8.2400000000000002       -231.54171916791159     
  -8.2200000000000006       -228.37605305597390     
  -8.1999999999999993       -225.24412520550479     
  -8.1799999999999997       -222.14567400940689     
  -8.1600000000000001       -219.08043917253480     
  -8.1400000000000006       -216.04816170849637     
  -8.1199999999999992       -213.04858393645185     
  -8.0999999999999996       -210.08144947791590     
  -8.0800000000000001       -207.14650325355495     
  -8.0600000000000005       -204.24349147998976     
  -8.0399999999999991       -201.37216166659363     
  -8.0199999999999996       -198.53226261229491     
  -8.0000000000000000       -195.72354440237410     
  -7.9800000000000004       -192.94575840526636     
  -7.9600000000000000       -190.19865726936035     
  -7.9399999999999995       -187.48199491979906     
  -7.9199999999999999       -184.79552655527976     
  -7.9000000000000004       -182.13900864485356     
  -7.8799999999999999       -179.51219892472614     
  -7.8599999999999994       -176.91485639505763     
  -7.8399999999999999       -174.34674131676314     
  -7.8200000000000003       -171.80761520831206     
  -7.7999999999999998       -169.29724084252851     
  -7.7799999999999994       -166.81538224339209     
  -7.7599999999999998       -164.36180468283726     
  -7.7400000000000002       -161.93627467755346     
  -7.7199999999999998       -159.53855998578558     
  -7.6999999999999993       -157.16842960413396     
  -7.6799999999999997       -154.82565376435457     
  -7.6600000000000001       -152.51000393015877     
  -7.6400000000000006       -150.22125279401388     
  -7.6200000000000001       -147.95917427394289     
  -7.5999999999999996       -145.72354351032516     
  -7.5800000000000001       -143.51413686269581     
  -7.5600000000000005       -141.33073190654633     
  -7.5400000000000000       -139.17310743012445     
  -7.5199999999999996       -137.04104343123458     
  -7.5000000000000000       -134.93432111403749     
  -7.4800000000000004       -132.85272288585074     
  -7.4600000000000000       -130.79603235394848     
  -7.4399999999999995       -128.76403432236202     
  -7.4199999999999999       -126.75651478867981     
  -7.4000000000000004       -124.77326094084707     
  -7.3799999999999999       -122.81406115396649     
  -7.3599999999999994       -120.87870498709808     
  -7.3399999999999999       -118.96698318005960     
  -7.3200000000000003       -117.07868765022600     
  -7.2999999999999998       -115.21361148933011     
  -7.2799999999999994       -113.37154896026270     
  -7.2599999999999998       -111.55229549387263     
  -7.2400000000000002       -109.75564768576635     
  -7.2199999999999998       -107.98140329310890     
  -7.1999999999999993       -106.22936123142334     
  -7.1799999999999997       -104.49932157139159     
  -7.1600000000000001       -102.79108553565356     
  -7.1400000000000006       -101.10445549560814     
  -7.1200000000000001       -99.439234968212773     
  -7.0999999999999996       -97.795228612783987     
  -7.0800000000000001       -96.172242227797184     
  -7.0600000000000005       -94.570082747686968     
  -7.0400000000000000       -92.988558239646821     
  -7.0199999999999996       -91.427477900430048     
  -7.0000000000000000       -89.886652053149220     
  -6.9800000000000004       -88.365892144076298     
  -6.9600000000000000       -86.865010739443022     
  -6.9399999999999995       -85.383821522240993     
  -6.9199999999999999       -83.922139289021814     
  -6.9000000000000004       -82.479779946696894     
  -6.8799999999999999       -81.056560509337800     
  -6.8599999999999994       -79.652299094976541     
  -6.8399999999999999       -78.266814922405430     
  -6.8200000000000003       -76.899928307977177     
  -6.7999999999999998       -75.551460662405020     
  -6.7799999999999994       -74.221234487563208     
  -6.7599999999999998       -72.909073373286631     
  -6.7400000000000002       -71.614801994171160     
  -6.7199999999999998       -70.338246106373603     
  -6.6999999999999993       -69.079232544412164     
  -6.6799999999999997       -67.837589217966269     
  -6.6600000000000001       -66.613145108676648     
  -6.6400000000000006       -65.405730266945639     
  -6.6200000000000001       -64.215175808737200     
  -6.5999999999999996       -63.041313912377070     
  -6.5800000000000001       -61.883977815352893     
  -6.5600000000000005       -60.743001811114205     
  -6.5400000000000000       -59.618221245872618     
  -6.5199999999999996       -58.509472515402059     
  -6.5000000000000000       -57.416593061838832     
  -6.4800000000000004       -56.339421370481531     
  -6.4600000000000000       -55.277796966591332     
  -6.4399999999999995       -54.231560412192181     
  -6.4199999999999999       -53.200553302870873     
  -6.4000000000000004       -52.184618264576876     
  -6.3799999999999999       -51.183598950422777     
  -6.3599999999999994       -50.197340037484430     
  -6.3399999999999999       -49.225687223600865     
  -6.3200000000000003       -48.268487224174407     
  -6.2999999999999998       -47.325587768970856     
  -6.2799999999999994       -46.396837598919738     
  -6.2599999999999998       -45.482086462914232     
  -6.2400000000000002       -44.581185114611323     
  -6.2199999999999998       -43.693985309231877     
  -6.1999999999999993       -42.820339800360941     
  -6.1799999999999997       -41.960102336747752     
  -6.1600000000000001       -41.113127659105650     
  -6.1400000000000006       -40.279271496912592     
  -6.1200000000000001       -39.458390565210856     
  -6.0999999999999996       -38.650342561407534     
  -6.0800000000000001       -37.854986162074375     
  -6.0600000000000005       -37.072181019748015     
  -6.0400000000000000       -36.301787759730018     
  -6.0199999999999996       -35.543667976887107     
  -6.0000000000000000       -34.797684232451232     
  -5.9799999999999995       -34.063700050819591     
  -5.9600000000000000       -33.341579916354874     
  -5.9399999999999995       -32.631189270185288     
  -5.9199999999999999       -31.932394507004794     
  -5.9000000000000004       -31.245062971873050     
  -5.8799999999999999       -30.569062957015632     
  -5.8600000000000003       -29.904263698624195     
  -5.8399999999999999       -29.250535373656387     
  -5.8200000000000003       -28.607749096636319     
  -5.7999999999999998       -27.975776916454240     
  -5.7800000000000002       -27.354491813167037     
  -5.7599999999999998       -26.743767694798080     
  -5.7400000000000002       -26.143479394137557     
  -5.7199999999999998       -25.553502665542343     
  -5.7000000000000002       -24.973714181736401     
  -5.6799999999999997       -24.403991530610597     
  -5.6600000000000001       -23.844213212023099     
  -5.6399999999999997       -23.294258634599267     
  -5.6200000000000001       -22.754008112531920     
  -5.5999999999999996       -22.223342862381326     
  -5.5800000000000001       -21.702144999875454     
  -5.5599999999999996       -21.190297536709959     
  -5.5400000000000000       -20.687684377348411     
  -5.5199999999999996       -20.194190315822269     
  -5.5000000000000000       -19.709701032531203     
  -5.4799999999999995       -19.234103091042972     
  -5.4600000000000000       -18.767283934893729     
  -5.4399999999999995       -18.309131884388023     
  -5.4199999999999999       -17.859536133398990     
  -5.3999999999999995       -17.418386746168391     
  -5.3799999999999999       -16.985574654106824     
  -5.3600000000000003       -16.560991652593721     
  -5.3399999999999999       -16.144530397777530     
  -5.3200000000000003       -15.736084403375898     
  -5.2999999999999998       -15.335548037475618     
  -5.2800000000000002       -14.942816519332936     
  -5.2599999999999998       -14.557785916173465     
  -5.2400000000000002       -14.180353139992526     
  -5.2199999999999998       -13.810415944355029     
  -5.2000000000000002       -13.447872921195781     
  -5.1799999999999997       -13.092623497619471     
  -5.1600000000000001       -12.744567932700889     
  -5.1399999999999997       -12.403607314284919     
  -5.1200000000000001       -12.069643555786790     
  -5.0999999999999996       -11.742579392992088     
  -5.0800000000000001       -11.422318380856932     
  -5.0599999999999996       -11.108764890308031     
  -5.0400000000000000       -10.801824105042872     
  -5.0199999999999996       -10.501402018329763     
  -5.0000000000000000       -10.207405429808020     
  -4.9799999999999995       -9.9197419422879989     
  -4.9600000000000000       -9.6383199585512944     
  -4.9399999999999995       -9.3630486781507862     
  -4.9199999999999999       -9.0938380942108274     
  -4.8999999999999995       -8.8305989902272621     
  -4.8799999999999999       -8.5732429368676382     
  -4.8600000000000003       -8.3216822887712691     
  -4.8399999999999999       -8.0758301813493389     
  -4.8200000000000003       -7.8356005275850684     
  -4.7999999999999998       -7.6009080148337862     
  -4.7800000000000002       -7.3716681016230599     
  -4.7599999999999998       -7.1477970144527987     
  -4.7400000000000002       -6.9292117445954098     
  -4.7199999999999998       -6.7158300448958403     
  -4.7000000000000002       -6.5075704265717835     
  -4.6799999999999997       -6.3043521560136888     
  -4.6600000000000001       -6.1060952515849998     
  -4.6399999999999997       -5.9127204804221396     
  -4.6200000000000001       -5.7241493552347382     
  -4.5999999999999996       -5.5403041311056747     
  -4.5800000000000001       -5.3611078022912260     
  -4.5599999999999996       -5.1864840990211682     
  -4.5400000000000000       -5.0163574842989096     
  -4.5199999999999996       -4.8506531507015662     
  -4.5000000000000000       -4.6892970171801398     
  -4.4799999999999995       -4.5322157258595634     
  -4.4600000000000000       -4.3793366388388844     
  -4.4399999999999995       -4.2305878349913044     
  -4.4199999999999999       -4.0858981067643825     
  -4.3999999999999995       -3.9451969569800571     
  -4.3799999999999999       -3.8084145956348525     
  -4.3600000000000003       -3.6754819366999119     
  -4.3399999999999999       -3.5463305949211676     
  -4.3200000000000003       -3.4208928826194445     
  -4.2999999999999998       -3.2991018064905528     
  -4.2800000000000002       -3.1808910644054347     
  -4.2599999999999998       -3.0661950422102535     
  -4.2400000000000002       -2.9549488105265294     
  -4.2199999999999998       -2.8470881215512414     
  -4.2000000000000002       -2.7425494058569431     
  -4.1799999999999997       -2.6412697691918829     
  -4.1600000000000001       -2.5431869892801275     
  -4.1399999999999997       -2.4482395126216456     
  -4.1200000000000001       -2.3563664512924687     
  -4.0999999999999996       -2.2675075797447679     
  -4.0800000000000001       -2.1816033316069854     
  -4.0599999999999996       -2.0985947964839475     
  -4.0400000000000000       -2.0184237167569856     
  -4.0199999999999996       -1.9410324843840350     
  -4.0000000000000000       -1.8663641376997795     
  -3.9799999999999995       -1.7943623582157215     
  -3.9600000000000000       -1.7249714674203513     
  -3.9399999999999995       -1.6581364235792115     
  -3.9199999999999999       -1.5938028185350523     
  -3.8999999999999995       -1.5319168745079184     
  -3.8799999999999999       -1.4724254408952868     
  -3.8599999999999994       -1.4152759910721571     
  -3.8399999999999999       -1.3604166191911951     
  -3.8200000000000003       -1.3077960369828192     
  -3.7999999999999998       -1.2573635705553405     
  -3.7800000000000002       -1.2090691571950600     
  -3.7599999999999998       -1.1628633421663963     
  -3.7400000000000002       -1.1186972755119937     
  -3.7199999999999998       -1.0765227088528349     
  -3.7000000000000002       -1.0362919921883709     
  -3.6799999999999997      -0.99795807069661358     
  -3.6600000000000001      -0.96147448153427373     
  -3.6399999999999997      -0.92679535063685492     
  -3.6200000000000001      -0.89387538951879097     
  -3.5999999999999996      -0.86266989207353983     
  -3.5800000000000001      -0.83313473137371563     
  -3.5599999999999996      -0.80522635647118834     
  -3.5400000000000000      -0.77890178919721897     
  -3.5199999999999996      -0.75411862096255389     
  -3.5000000000000000      -0.73083500955755287     
  -3.4799999999999995      -0.70900967595230080     
  -3.4600000000000000      -0.68860190109672015     
  -3.4399999999999995      -0.66957152272069420     
  -3.4199999999999999      -0.65187893213417292     
  -3.3999999999999995      -0.63548507102729168     
  -3.3799999999999999      -0.62035142827048917     
  -3.3599999999999994      -0.60644003671462077     
  -3.3399999999999999      -0.59371346999106844     
  -3.3200000000000003      -0.58213483931186749     
  -3.2999999999999998      -0.57166779026981152     
  -3.2800000000000002      -0.56227649963857163     
  -3.2599999999999998      -0.55392567217280897     
  -3.2400000000000002      -0.54658053740829793     
  -3.2199999999999998      -0.54020684646202977     
  -3.2000000000000002      -0.53477086883233671     
  -3.1799999999999997      -0.53023938919900182     
  -3.1600000000000001      -0.52657970422337819     
  -3.1399999999999997      -0.52375961934850324     
  -3.1200000000000001      -0.52174744559921082     
  -3.0999999999999996      -0.52051199638224910     
  -3.0800000000000001      -0.52002258428639614     
  -3.0599999999999996      -0.52024901788257427     
  -3.0400000000000000      -0.52116159852396393     
  -3.0199999999999996      -0.52273111714612197     
  -3.0000000000000000      -0.52492885106709375     
  -2.9799999999999995      -0.52772656078753011     
  -2.9600000000000000      -0.53109648679080124     
  -2.9399999999999995      -0.53501134634311542     
  -2.9199999999999999      -0.53944433029362870     
  -2.8999999999999995      -0.54436909987456450     
  -2.8799999999999999      -0.54975978350132615     
  -2.8599999999999994      -0.55559097357261522     
  -2.8399999999999999      -0.56183772327054138     
  -2.8200000000000003      -0.56847554336074402     
  -2.7999999999999998      -0.57548039899250458     
  -2.7800000000000002      -0.58282870649885754     
  -2.7599999999999998      -0.59049733019671402     
  -2.7400000000000002      -0.59846357918697035     
  -2.7199999999999998      -0.60670520415462614     
  -2.7000000000000002      -0.61520039416889793     
  -2.6799999999999997      -0.62392777348333728     
  -2.6600000000000001      -0.63286639833594105     
  -2.6399999999999997      -0.64199575374927176     
  -2.6200000000000001      -0.65129575033056897     
  -2.5999999999999996      -0.66074672107186938     
  -2.5800000000000001      -0.67032941815011393     
  -2.5599999999999996      -0.68002500972727120     
  -2.5400000000000000      -0.68981507675044751     
  -2.5199999999999996      -0.69968160975200477     
  -2.5000000000000000      -0.70960700564967338     
  -2.4799999999999995      -0.71957406454667083     
  -2.4600000000000000      -0.72956598653181293     
  -2.4399999999999995      -0.73956636847963186     
  -2.4199999999999999      -0.74955920085048955     
  -2.3999999999999995      -0.75952886449069523     
  -2.3799999999999999      -0.76946012743261605     
  -2.3599999999999994      -0.77933814169480042     
  -2.3399999999999999      -0.78914844008208274     
  -2.3200000000000003      -0.79887693298570750     
  -2.2999999999999998      -0.80850990518343990     
  -2.2800000000000002      -0.81803401263968134     
  -2.2599999999999998      -0.82743627930558739     
  -2.2400000000000002      -0.83670409391917822     
  -2.2199999999999998      -0.84582520680545992     
  -2.2000000000000002      -0.85478772667653313     
  -2.1799999999999997      -0.86358011743171414     
  -2.1600000000000001      -0.87219119495764497     
  -2.1399999999999997      -0.88061012392841298     
  -2.1200000000000001      -0.88882641460566258     
  -2.0999999999999996      -0.89682991963871417     
  -2.0800000000000001      -0.90461083086467431     
  -2.0599999999999996      -0.91215967610855553     
  -2.0400000000000000      -0.91946731598338927     
  -2.0199999999999996      -0.92652494069034175     
  -2.0000000000000000      -0.93332406681882829     
  -1.9800000000000004      -0.93985653414662962     
  -1.9599999999999991      -0.94611450244000750     
  -1.9399999999999995      -0.95209044825381695     
  -1.9199999999999999      -0.95777716173162530     
  -1.9000000000000004      -0.96316774340582523     
  -1.8799999999999990      -0.96825560099775032     
  -1.8599999999999994      -0.97303444621778978     
  -1.8399999999999999      -0.97749829156550461     
  -1.8200000000000003      -0.98164144712974277     
  -1.8000000000000007      -0.98545851738875334     
  -1.7799999999999994      -0.98894439801030276     
  -1.7599999999999998      -0.99209427265178896     
  -1.7400000000000002      -0.99490360976035774     
  -1.7200000000000006      -0.99736815937301759     
  -1.6999999999999993      -0.99948394991675449     
  -1.6799999999999997       -1.0012472850086473     
  -1.6600000000000001       -1.0026547402559827     
  -1.6400000000000006       -1.0037031600563715     
  -1.6199999999999992       -1.0043896543978628     
  -1.5999999999999996       -1.0047115956590584     
  -1.5800000000000001       -1.0046666154092307     
  -1.5600000000000005       -1.0042526012084354     
  -1.5399999999999991       -1.0034676934076268     
  -1.5199999999999996       -1.0023102819487753     
  -1.5000000000000000       -1.0007790031649795     
  -1.4800000000000004      -0.99887273658058384     
  -1.4599999999999991      -0.99659060171129255     
  -1.4399999999999995      -0.99393195486428543     
  -1.4199999999999999      -0.99089638593833274     
  -1.4000000000000004      -0.98748371522390999     
  -1.3799999999999990      -0.98369399020331361     
  -1.3599999999999994      -0.97952748235077736     
  -1.3399999999999999      -0.97498468393258497     
  -1.3200000000000003      -0.97006630480718714     
  -1.2999999999999989      -0.96477326922531581     
  -1.2799999999999994      -0.95910671263010128     
  -1.2599999999999998      -0.95306797845718427     
  -1.2400000000000002      -0.94665861493483361     
  -1.2200000000000006      -0.93988037188406048     
  -1.1999999999999993      -0.93273519751873324     
  -1.1799999999999997      -0.92522523524569489     
  -1.1600000000000001      -0.91735282046487454     
  -1.1400000000000006      -0.90912047736940549     
  -1.1199999999999992      -0.90053091574573885     
  -1.0999999999999996      -0.89158702777376109     
  -1.0800000000000001      -0.88229188482690613     
  -1.0600000000000005      -0.87264873427227196     
  -1.0399999999999991      -0.86266099627073545     
  -1.0199999999999996      -0.85233226057707046     
  -1.0000000000000000      -0.84166628334005800     
 -0.98000000000000043      -0.83066698390260452     
 -0.95999999999999908      -0.81933844160185598     
 -0.93999999999999950      -0.80768489256931619     
 -0.91999999999999993      -0.79571072653095676     
 -0.90000000000000036      -0.78342048360733596     
 -0.87999999999999901      -0.77081885111371151     
 -0.85999999999999943      -0.75791066036016097     
 -0.83999999999999986      -0.74470088345168950     
 -0.82000000000000028      -0.73119463008834995     
 -0.79999999999999893      -0.71739714436535551     
 -0.77999999999999936      -0.70331380157320023     
 -0.75999999999999979      -0.68895010499776621     
 -0.74000000000000021      -0.67431168272044406     
 -0.72000000000000064      -0.65940428441824717     
 -0.69999999999999929      -0.64423377816392502     
 -0.67999999999999972      -0.62880614722608363     
 -0.66000000000000014      -0.61312748686929386     
 -0.64000000000000057      -0.59720400115421035     
 -0.61999999999999922      -0.58104199973768522     
 -0.59999999999999964      -0.56464789467288856     
 -0.58000000000000007      -0.54802819720941465     
 -0.56000000000000050      -0.53118951459340358     
 -0.53999999999999915      -0.51413854686765315     
 -0.51999999999999957      -0.49688208367173997     
 -0.50000000000000000      -0.47942700104212593     
 -0.48000000000000043      -0.46178025821227908     
 -0.45999999999999908      -0.44394889441278607     
 -0.43999999999999950      -0.42594002567147360     
 -0.41999999999999993      -0.40776084161351384     
 -0.40000000000000036      -0.38941860226154634     
 -0.37999999999999901      -0.37092063483578991     
 -0.35999999999999943      -0.35227433055416402     
 -0.33999999999999986      -0.33348714143239472     
 -0.32000000000000028      -0.31456657708413610     
 -0.29999999999999893      -0.29552020152108205     
 -0.27999999999999936      -0.27635562995308843     
 -0.25999999999999979      -0.25708052558827815     
 -0.24000000000000021      -0.23770259643316291     
 -0.22000000000000064      -0.21822959209275680     
 -0.19999999999999929      -0.19866930057068985     
 -0.17999999999999972      -0.17902954506933019     
 -0.16000000000000014      -0.15931818078988866     
 -0.14000000000000057      -0.13954309173254104     
 -0.11999999999999922      -0.11971218749653988     
  -9.9999999999999645E-002  -9.9833400080336462E-002
  -8.0000000000000071E-002  -7.9914680681685710E-002
  -6.0000000000000497E-002  -5.9963996497768284E-002
  -3.9999999999999147E-002  -3.9989327525302258E-002
  -1.9999999999999574E-002  -1.9998663360665466E-002
   0.0000000000000000        0.0000000000000000     
   1.9999999999999574E-002   1.9998663360665466E-002
   4.0000000000000924E-002   3.9989327525304035E-002
   6.0000000000000497E-002   5.9963996497768284E-002
   8.0000000000000071E-002   7.9914680681685710E-002
   9.9999999999999645E-002   9.9833400080336462E-002
  0.12000000000000099       0.11971218749654164     
  0.14000000000000057       0.13954309173254104     
  0.16000000000000014       0.15931818078988866     
  0.17999999999999972       0.17902954506933019     
  0.20000000000000107       0.19866930057069160     
  0.22000000000000064       0.21822959209275680     
  0.24000000000000021       0.23770259643316291     
  0.25999999999999979       0.25708052558827815     
  0.27999999999999936       0.27635562995308843     
  0.30000000000000071       0.29552020152108371     
  0.32000000000000028       0.31456657708413610     
  0.33999999999999986       0.33348714143239472     
  0.35999999999999943       0.35227433055416402     
  0.38000000000000078       0.37092063483579152     
  0.40000000000000036       0.38941860226154634     
  0.41999999999999993       0.40776084161351384     
  0.43999999999999950       0.42594002567147360     
  0.46000000000000085       0.44394889441278768     
  0.48000000000000043       0.46178025821227908     
  0.50000000000000000       0.47942700104212593     
  0.51999999999999957       0.49688208367173997     
  0.54000000000000092       0.51413854686765470     
  0.56000000000000050       0.53118951459340358     
  0.58000000000000007       0.54802819720941465     
  0.59999999999999964       0.56464789467288856     
  0.62000000000000099       0.58104199973768667     
  0.64000000000000057       0.59720400115421035     
  0.66000000000000014       0.61312748686929386     
  0.67999999999999972       0.62880614722608363     
  0.70000000000000107       0.64423377816392635     
  0.72000000000000064       0.65940428441824717     
  0.74000000000000021       0.67431168272044406     
  0.75999999999999979       0.68895010499776621     
  0.77999999999999936       0.70331380157320023     
  0.80000000000000071       0.71739714436535673     
  0.82000000000000028       0.73119463008834995     
  0.83999999999999986       0.74470088345168950     
  0.85999999999999943       0.75791066036016097     
  0.88000000000000078       0.77081885111371273     
  0.90000000000000036       0.78342048360733596     
  0.91999999999999993       0.79571072653095676     
  0.93999999999999950       0.80768489256931619     
  0.96000000000000085       0.81933844160185687     
  0.98000000000000043       0.83066698390260452     
   1.0000000000000000       0.84166628334005800     
   1.0199999999999996       0.85233226057707046     
   1.0400000000000009       0.86266099627073634     
   1.0600000000000005       0.87264873427227196     
   1.0800000000000001       0.88229188482690613     
   1.0999999999999996       0.89158702777376109     
   1.1200000000000010       0.90053091574573962     
   1.1400000000000006       0.90912047736940549     
   1.1600000000000001       0.91735282046487454     
   1.1799999999999997       0.92522523524569489     
   1.2000000000000011       0.93273519751873391     
   1.2200000000000006       0.93988037188406048     
   1.2400000000000002       0.94665861493483361     
   1.2599999999999998       0.95306797845718427     
   1.2799999999999994       0.95910671263010128     
   1.3000000000000007       0.96477326922531637     
   1.3200000000000003       0.97006630480718714     
   1.3399999999999999       0.97498468393258497     
   1.3599999999999994       0.97952748235077736     
   1.3800000000000008       0.98369399020331394     
   1.4000000000000004       0.98748371522390999     
   1.4199999999999999       0.99089638593833274     
   1.4399999999999995       0.99393195486428543     
   1.4600000000000009       0.99659060171129277     
   1.4800000000000004       0.99887273658058384     
   1.5000000000000000        1.0007790031649795     
   1.5199999999999996        1.0023102819487753     
   1.5400000000000009        1.0034676934076270     
   1.5600000000000005        1.0042526012084354     
   1.5800000000000001        1.0046666154092307     
   1.5999999999999996        1.0047115956590584     
   1.6200000000000010        1.0043896543978625     
   1.6400000000000006        1.0037031600563715     
   1.6600000000000001        1.0026547402559827     
   1.6799999999999997        1.0012472850086473     
   1.7000000000000011       0.99948394991675449     
   1.7200000000000006       0.99736815937301759     
   1.7400000000000002       0.99490360976035774     
   1.7599999999999998       0.99209427265178896     
   1.7799999999999994       0.98894439801030276     
   1.8000000000000007       0.98545851738875334     
   1.8200000000000003       0.98164144712974277     
   1.8399999999999999       0.97749829156550461     
   1.8599999999999994       0.97303444621778978     
   1.8800000000000008       0.96825560099774999     
   1.9000000000000004       0.96316774340582523     
   1.9199999999999999       0.95777716173162530     
   1.9399999999999995       0.95209044825381695     
   1.9600000000000009       0.94611450244000705     
   1.9800000000000004       0.93985653414662962     
   2.0000000000000000       0.93332406681882829     
   2.0199999999999996       0.92652494069034175     
   2.0400000000000009       0.91946731598338882     
   2.0600000000000005       0.91215967610855531     
   2.0800000000000001       0.90461083086467431     
   2.0999999999999996       0.89682991963871417     
   2.1200000000000010       0.88882641460566247     
   2.1400000000000006       0.88061012392841254     
   2.1600000000000001       0.87219119495764497     
   2.1799999999999997       0.86358011743171414     
   2.2000000000000011       0.85478772667653313     
   2.2200000000000006       0.84582520680545970     
   2.2400000000000002       0.83670409391917822     
   2.2599999999999998       0.82743627930558739     
   2.2800000000000011       0.81803401263968067     
   2.3000000000000007       0.80850990518343924     
   2.3200000000000003       0.79887693298570750     
   2.3399999999999999       0.78914844008208274     
   2.3599999999999994       0.77933814169480042     
   2.3800000000000008       0.76946012743261549     
   2.4000000000000004       0.75952886449069457     
   2.4199999999999999       0.74955920085048955     
   2.4399999999999995       0.73956636847963186     
   2.4600000000000009       0.72956598653181248     
   2.4800000000000004       0.71957406454667039     
   2.5000000000000000       0.70960700564967338     
   2.5199999999999996       0.69968160975200477     
   2.5400000000000009       0.68981507675044684     
   2.5600000000000005       0.68002500972727065     
   2.5800000000000001       0.67032941815011393     
   2.5999999999999996       0.66074672107186938     
   2.6200000000000010       0.65129575033056897     
   2.6400000000000006       0.64199575374927109     
   2.6600000000000001       0.63286639833594105     
   2.6799999999999997       0.62392777348333728     
   2.7000000000000011       0.61520039416889816     
   2.7200000000000006       0.60670520415462570     
   2.7400000000000002       0.59846357918697035     
   2.7599999999999998       0.59049733019671402     
   2.7800000000000011       0.58282870649885732     
   2.8000000000000007       0.57548039899250414     
   2.8200000000000003       0.56847554336074402     
   2.8399999999999999       0.56183772327054138     
   2.8599999999999994       0.55559097357261522     
   2.8800000000000008       0.54975978350132593     
   2.9000000000000004       0.54436909987456428     
   2.9199999999999999       0.53944433029362870     
   2.9399999999999995       0.53501134634311542     
   2.9600000000000009       0.53109648679080146     
   2.9800000000000004       0.52772656078753055     
   3.0000000000000000       0.52492885106709375     
   3.0199999999999996       0.52273111714612197     
   3.0400000000000009       0.52116159852396438     
   3.0600000000000005       0.52024901788257427     
   3.0800000000000001       0.52002258428639614     
   3.0999999999999996       0.52051199638224910     
   3.1200000000000010       0.52174744559921038     
   3.1400000000000006       0.52375961934850324     
   3.1600000000000001       0.52657970422337819     
   3.1799999999999997       0.53023938919900182     
   3.2000000000000011       0.53477086883233582     
   3.2200000000000006       0.54020684646202888     
   3.2400000000000002       0.54658053740829793     
   3.2599999999999998       0.55392567217280897     
   3.2800000000000011       0.56227649963857207     
   3.3000000000000007       0.57166779026981285     
   3.3200000000000003       0.58213483931186749     
   3.3399999999999999       0.59371346999106844     
   3.3599999999999994       0.60644003671462077     
   3.3800000000000008       0.62035142827048961     
   3.4000000000000004       0.63548507102729301     
   3.4199999999999999       0.65187893213417292     
   3.4399999999999995       0.66957152272069420     
   3.4600000000000009       0.68860190109672192     
   3.4800000000000004       0.70900967595230080     
   3.5000000000000000       0.73083500955755287     
   3.5199999999999996       0.75411862096255389     
   3.5400000000000009       0.77890178919722075     
   3.5600000000000005       0.80522635647119101     
   3.5800000000000001       0.83313473137371563     
   3.5999999999999996       0.86266989207353983     
   3.6200000000000010       0.89387538951879186     
   3.6400000000000006       0.92679535063685670     
   3.6600000000000001       0.96147448153427373     
   3.6799999999999997       0.99795807069661358     
   3.7000000000000011        1.0362919921883726     
   3.7200000000000006        1.0765227088528375     
   3.7400000000000002        1.1186972755119937     
   3.7599999999999998        1.1628633421663963     
   3.7800000000000011        1.2090691571950618     
   3.8000000000000007        1.2573635705553405     
   3.8200000000000003        1.3077960369828192     
   3.8399999999999999        1.3604166191911951     
   3.8599999999999994        1.4152759910721571     
   3.8800000000000008        1.4724254408952886     
   3.9000000000000004        1.5319168745079210     
   3.9199999999999999        1.5938028185350523     
   3.9399999999999995        1.6581364235792115     
   3.9600000000000009        1.7249714674203531     
   3.9800000000000004        1.7943623582157260     
   4.0000000000000000        1.8663641376997795     
   4.0199999999999996        1.9410324843840350     
   4.0400000000000009        2.0184237167569901     
   4.0600000000000005        2.0985947964839502     
   4.0800000000000001        2.1816033316069854     
   4.0999999999999996        2.2675075797447679     
   4.1200000000000010        2.3563664512924767     
   4.1400000000000006        2.4482395126216501     
   4.1600000000000001        2.5431869892801275     
   4.1799999999999997        2.6412697691918829     
   4.2000000000000011        2.7425494058569466     
   4.2200000000000006        2.8470881215512485     
   4.2400000000000002        2.9549488105265294     
   4.2599999999999998        3.0661950422102535     
   4.2800000000000011        3.1808910644054400     
   4.3000000000000007        3.2991018064905564     
   4.3200000000000003        3.4208928826194445     
   4.3399999999999999        3.5463305949211676     
   4.3599999999999994        3.6754819366999083     
   4.3800000000000008        3.8084145956348561     
   4.4000000000000004        3.9451969569800642     
   4.4199999999999999        4.0858981067643825     
   4.4399999999999995        4.2305878349913044     
   4.4600000000000009        4.3793366388388897     
   4.4800000000000004        4.5322157258595688     
   4.5000000000000000        4.6892970171801398     
   4.5199999999999996        4.8506531507015662     
   4.5400000000000009        5.0163574842989149     
   4.5600000000000005        5.1864840990211754     
   4.5800000000000001        5.3611078022912260     
   4.5999999999999996        5.5403041311056747     
   4.6200000000000010        5.7241493552347507     
   4.6400000000000006        5.9127204804221485     
   4.6600000000000001        6.1060952515849998     
   4.6799999999999997        6.3043521560136888     
   4.7000000000000011        6.5075704265717924     
   4.7200000000000006        6.7158300448958528     
   4.7400000000000002        6.9292117445954098     
   4.7599999999999998        7.1477970144527987     
   4.7800000000000011        7.3716681016230723     
   4.8000000000000007        7.6009080148337951     
   4.8200000000000003        7.8356005275850684     
   4.8399999999999999        8.0758301813493389     
   4.8599999999999994        8.3216822887712603     
   4.8800000000000008        8.5732429368676470     
   4.9000000000000004        8.8305989902272728     
   4.9199999999999999        9.0938380942108274     
   4.9399999999999995        9.3630486781507862     
   4.9600000000000009        9.6383199585513069     
   4.9800000000000004        9.9197419422880060     
   5.0000000000000000        10.207405429808020     
   5.0199999999999996        10.501402018329763     
   5.0400000000000009        10.801824105042893     
   5.0600000000000005        11.108764890308041     
   5.0800000000000001        11.422318380856932     
   5.0999999999999996        11.742579392992088     
   5.1200000000000010        12.069643555786811     
   5.1400000000000006        12.403607314284933     
   5.1600000000000001        12.744567932700889     
   5.1799999999999997        13.092623497619471     
   5.2000000000000011        13.447872921195795     
   5.2200000000000006        13.810415944355043     
   5.2400000000000002        14.180353139992526     
   5.2599999999999998        14.557785916173465     
   5.2800000000000011        14.942816519332951     
   5.3000000000000007        15.335548037475633     
   5.3200000000000003        15.736084403375898     
   5.3399999999999999        16.144530397777530     
   5.3599999999999994        16.560991652593696     
   5.3800000000000008        16.985574654106838     
   5.4000000000000004        17.418386746168412     
   5.4199999999999999        17.859536133398990     
   5.4399999999999995        18.309131884388023     
   5.4600000000000009        18.767283934893751     
   5.4800000000000004        19.234103091042986     
   5.5000000000000000        19.709701032531203     
   5.5199999999999996        20.194190315822269     
   5.5400000000000009        20.687684377348440     
   5.5600000000000005        21.190297536709981     
   5.5800000000000001        21.702144999875454     
   5.5999999999999996        22.223342862381326     
   5.6200000000000010        22.754008112531949     
   5.6400000000000006        23.294258634599288     
   5.6600000000000001        23.844213212023099     
   5.6799999999999997        24.403991530610597     
   5.7000000000000011        24.973714181736415     
   5.7200000000000006        25.553502665542375     
   5.7400000000000002        26.143479394137557     
   5.7599999999999998        26.743767694798080     
   5.7800000000000011        27.354491813167073     
   5.8000000000000007        27.975776916454262     
   5.8200000000000003        28.607749096636319     
   5.8399999999999999        29.250535373656387     
   5.8600000000000012        29.904263698624217     
   5.8800000000000008        30.569062957015667     
   5.9000000000000004        31.245062971873050     
   5.9199999999999999        31.932394507004794     
   5.9399999999999995        32.631189270185288     
   5.9600000000000009        33.341579916354931     
   5.9800000000000004        34.063700050819612     
   6.0000000000000000        34.797684232451232     
   6.0199999999999996        35.543667976887107     
   6.0399999999999991        36.301787759729997     
   6.0599999999999987        37.072181019747944     
   6.0800000000000018        37.854986162074454     
   6.1000000000000014        38.650342561407591     
   6.1200000000000010        39.458390565210905     
   6.1400000000000006        40.279271496912592     
   6.1600000000000001        41.113127659105650     
   6.1799999999999997        41.960102336747752     
   6.1999999999999993        42.820339800360941     
   6.2199999999999989        43.693985309231842     
   6.2400000000000020        44.581185114611387     
   6.2600000000000016        45.482086462914296     
   6.2800000000000011        46.396837598919817     
   6.3000000000000007        47.325587768970905     
   6.3200000000000003        48.268487224174407     
   6.3399999999999999        49.225687223600865     
   6.3599999999999994        50.197340037484430     
   6.3799999999999990        51.183598950422727     
   6.3999999999999986        52.184618264576756     
   6.4200000000000017        53.200553302870944     
   6.4400000000000013        54.231560412192280     
   6.4600000000000009        55.277796966591403     
   6.4800000000000004        56.339421370481531     
   6.5000000000000000        57.416593061838832     
   6.5199999999999996        58.509472515402059     
   6.5399999999999991        59.618221245872562     
   6.5599999999999987        60.743001811114105     
   6.5800000000000018        61.883977815353020     
   6.6000000000000014        63.041313912377177     
   6.6200000000000010        64.215175808737243     
   6.6400000000000006        65.405730266945639     
   6.6600000000000001        66.613145108676648     
   6.6799999999999997        67.837589217966269     
   6.6999999999999993        69.079232544412164     
   6.7199999999999989        70.338246106373589     
   6.7400000000000020        71.614801994171287     
   6.7600000000000016        72.909073373286773     
   6.7800000000000011        74.221234487563351     
   6.8000000000000007        75.551460662405105     
   6.8200000000000003        76.899928307977177     
   6.8399999999999999        78.266814922405430     
   6.8599999999999994        79.652299094976541     
   6.8799999999999990        81.056560509337757     
   6.8999999999999986        82.479779946696738     
   6.9200000000000017        83.922139289021956     
   6.9400000000000013        85.383821522241121     
   6.9600000000000009        86.865010739443079     
   6.9800000000000004        88.365892144076298     
   7.0000000000000000        89.886652053149220     
   7.0199999999999996        91.427477900430048     
   7.0399999999999991        92.988558239646778     
   7.0599999999999987        94.570082747686783     
   7.0800000000000018        96.172242227797327     
   7.1000000000000014        97.795228612784058     
   7.1200000000000010        99.439234968212872     
   7.1400000000000006        101.10445549560814     
   7.1600000000000001        102.79108553565356     
   7.1799999999999997        104.49932157139159     
   7.1999999999999993        106.22936123142334     
   7.2199999999999989        107.98140329310877     
   7.2400000000000020        109.75564768576652     
   7.2600000000000016        111.55229549387273     
   7.2800000000000011        113.37154896026288     
   7.3000000000000007        115.21361148933022     
   7.3200000000000003        117.07868765022600     
   7.3399999999999999        118.96698318005960     
   7.3599999999999994        120.87870498709808     
   7.3799999999999990        122.81406115396635     
   7.4000000000000021        124.77326094084727     
   7.4200000000000017        126.75651478867999     
   7.4400000000000013        128.76403432236225     
   7.4600000000000009        130.79603235394859     
   7.4800000000000004        132.85272288585074     
   7.5000000000000000        134.93432111403749     
   7.5199999999999996        137.04104343123458     
   7.5399999999999991        139.17310743012445     
   7.5599999999999987        141.33073190654619     
   7.5800000000000018        143.51413686269603     
   7.6000000000000014        145.72354351032527     
   7.6200000000000010        147.95917427394301     
   7.6400000000000006        150.22125279401388     
   7.6600000000000001        152.51000393015877     
   7.6799999999999997        154.82565376435457     
   7.6999999999999993        157.16842960413396     
   7.7199999999999989        159.53855998578547     
   7.7400000000000020        161.93627467755371     
   7.7600000000000016        164.36180468283749     
   7.7800000000000011        166.81538224339235     
   7.8000000000000007        169.29724084252862     
   7.8200000000000003        171.80761520831206     
   7.8399999999999999        174.34674131676314     
   7.8599999999999994        176.91485639505763     
   7.8799999999999990        179.51219892472599     
   7.9000000000000021        182.13900864485379     
   7.9200000000000017        184.79552655527999     
   7.9400000000000013        187.48199491979935     
   7.9600000000000009        190.19865726936050     
   7.9800000000000004        192.94575840526636     
   8.0000000000000000        195.72354440237410     
   8.0199999999999996        198.53226261229491     
   8.0399999999999991        201.37216166659363     
   8.0599999999999987        204.24349147998947     
   8.0800000000000018        207.14650325355530     
   8.1000000000000014        210.08144947791618     
   8.1200000000000010        213.04858393645208     
   8.1400000000000006        216.04816170849637     
   8.1600000000000001        219.08043917253480     
   8.1799999999999997        222.14567400940689     
   8.1999999999999993        225.24412520550479     
   8.2199999999999989        228.37605305597361     
   8.2400000000000020        231.54171916791205     
   8.2600000000000016        234.74138646356926     
   8.2800000000000011        237.97531918354926     
   8.3000000000000007        241.24378289000745     
   8.3200000000000003        244.54704446985158     
   8.3399999999999999        247.88537213794174     
   8.3599999999999994        251.25903544029018     
   8.3799999999999990        254.66830525726095     
   8.4000000000000021        258.11345380677028     
   8.4200000000000017        261.59475464748516     
   8.4400000000000013        265.11248268202507     
   8.4600000000000009        268.66691416016084     
   8.4800000000000004        272.25832668201474     
   8.5000000000000000        275.88699920126021     
   8.5199999999999996        279.55321202832170     
   8.5399999999999991        283.25724683357498     
   8.5599999999999987        286.99938665054657     
   8.5800000000000018        290.77991587911447     
   8.6000000000000014        294.59912028870554     
   8.6200000000000010        298.45728702149898     
   8.6400000000000006        302.35470459562390     
   8.6600000000000001        306.29166290835974     
   8.6799999999999997        310.26845323933640     
   8.6999999999999993        314.28536825373334     
   8.7199999999999989        318.34270200548070     
   8.7400000000000020        322.44074994045866     
   8.7600000000000016        326.57980889969542     
   8.7800000000000011        330.76017712257078     
   8.8000000000000007        334.98215425001331     
   8.8200000000000003        339.24604132770128     
   8.8399999999999999        343.55214080926214     
   8.8599999999999994        347.90075655947226     
   8.8799999999999990        352.29219385745768     
   8.9000000000000021        356.72675939989364     
   8.9200000000000017        361.20476130420207     
   8.9400000000000013        365.72650911175606     
   8.9600000000000009        370.29231379107642     
   8.9800000000000004        374.90248774103293     
   9.0000000000000000        379.55734479404271     
   9.0199999999999996        384.25720021927225     
   9.0399999999999991        389.00237072583559     
   9.0599999999999987        393.79317446599515     
   9.0800000000000018        398.62993103836180     
   9.1000000000000014        403.51296149109197     
   9.1200000000000010        408.44258832509206     
   9.1400000000000006        413.41913549721539     
   9.1600000000000001        418.44292842346294     
   9.1799999999999997        423.51429398218249     
   9.1999999999999993        428.63356051726976     
   9.2199999999999989        433.80105784136697     
   9.2400000000000020        439.01711723906448     
   9.2600000000000016        444.28207147009687     
   9.2800000000000011        449.59625477254826     
   9.3000000000000007        454.96000286604846     
   9.3200000000000003        460.37365295497409     
   9.3399999999999999        465.83754373164743     
   9.3599999999999994        471.35201537953782     
   9.3799999999999990        476.91740957646084     
   9.4000000000000021        482.53406949777855     
   9.4200000000000017        488.20233981959655     
   9.4400000000000013        493.92256672196879     
   9.4600000000000009        499.69509789209462     
   9.4800000000000004        505.52028252751830     
   9.5000000000000000        511.39847133933029     
   9.5199999999999996        517.33001655536577     
   9.5399999999999991        523.31527192340559     
   9.5599999999999987        529.35459271437605     
   9.5800000000000018        535.44833572554876     
   9.6000000000000014        541.59685928373756     
   9.6200000000000010        547.80052324850476     
   9.6400000000000006        554.05968901535516     
   9.6600000000000001        560.37471951893940     
   9.6799999999999997        566.74597923625174     
   9.6999999999999993        573.17383418983104     
   9.7199999999999989        579.65865195096058     
   9.7400000000000020        586.20080164286867     
   9.7600000000000016        592.80065394392386     
   9.7800000000000011        599.45858109084350     
   9.8000000000000007        606.17495688188581     
   9.8200000000000003        612.95015668005328     
   9.8399999999999999        619.78455741629261     
   9.8599999999999994        626.67853759269292     
   9.8799999999999990        633.63247728568763     
   9.9000000000000021        640.64675814925397     
   9.9200000000000017        647.72176341810837     
   9.9400000000000013        654.85787791091468     
   9.9600000000000009        662.05548803347756     
   9.9800000000000004        669.31498178194522     
