  -10.000000000000000        156.66666666666666     
  -9.9800000000000004        155.68866533333335     
  -9.9600000000000009        154.71465600000002     
  -9.9399999999999995        153.74463066666664     
  -9.9199999999999999        152.77858133333336     
  -9.9000000000000004        151.81650000000002     
  -9.8800000000000008        150.85837866666671     
  -9.8599999999999994        149.90420933333331     
  -9.8399999999999999        148.95398399999999     
  -9.8200000000000003        148.00769466666668     
  -9.8000000000000007        147.06533333333337     
  -9.7799999999999994        146.12689199999994     
  -9.7599999999999998        145.19236266666667     
  -9.7400000000000002        144.26173733333334     
  -9.7200000000000006        143.33500800000002     
  -9.6999999999999993        142.41216666666665     
  -9.6799999999999997        141.49320533333332     
  -9.6600000000000001        140.57811600000002     
  -9.6400000000000006        139.66689066666669     
  -9.6199999999999992        138.75952133333328     
  -9.5999999999999996        137.85599999999999     
  -9.5800000000000001        136.95631866666665     
  -9.5600000000000005        136.06046933333334     
  -9.5399999999999991        135.16844399999997     
  -9.5199999999999996        134.28023466666664     
  -9.5000000000000000        133.39583333333334     
  -9.4800000000000004        132.51523200000003     
  -9.4600000000000009        131.63842266666671     
  -9.4399999999999995        130.76539733333331     
  -9.4199999999999999        129.89614800000001     
  -9.4000000000000004        129.03066666666669     
  -9.3800000000000008        128.16894533333337     
  -9.3599999999999994        127.31097599999997     
  -9.3399999999999999        126.45675066666666     
  -9.3200000000000003        125.60626133333335     
  -9.3000000000000007        124.75950000000005     
  -9.2799999999999994        123.91645866666664     
  -9.2599999999999998        123.07712933333330     
  -9.2400000000000002        122.24150400000001     
  -9.2200000000000006        121.40957466666669     
  -9.1999999999999993        120.58133333333329     
  -9.1799999999999997        119.75677199999998     
  -9.1600000000000001        118.93588266666669     
  -9.1400000000000006        118.11865733333336     
  -9.1199999999999992        117.30508799999997     
  -9.0999999999999996        116.49516666666666     
  -9.0800000000000001        115.68888533333333     
  -9.0600000000000005        114.88623600000001     
  -9.0399999999999991        114.08721066666661     
  -9.0199999999999996        113.29180133333332     
  -9.0000000000000000        112.50000000000000     
  -8.9800000000000004        111.71179866666668     
  -8.9600000000000009        110.92718933333336     
  -8.9399999999999995        110.14616399999998     
  -8.9199999999999999        109.36871466666668     
  -8.9000000000000004        108.59483333333334     
  -8.8799999999999990        107.82451199999997     
  -8.8599999999999994        107.05774266666664     
  -8.8399999999999999        106.29451733333333     
  -8.8200000000000003        105.53482800000000     
  -8.8000000000000007        104.77866666666671     
  -8.7799999999999994        104.02602533333331     
  -8.7599999999999998        103.27689599999999     
  -8.7400000000000002        102.53127066666669     
  -8.7200000000000006        101.78914133333335     
  -8.6999999999999993        101.05049999999997     
  -8.6799999999999997        100.31533866666666     
  -8.6600000000000001        99.583649333333341     
  -8.6400000000000006        98.855424000000014     
  -8.6199999999999992        98.130654666666643     
  -8.5999999999999996        97.409333333333322     
  -8.5800000000000001        96.691451999999998     
  -8.5600000000000005        95.977002666666678     
  -8.5399999999999991        95.265977333333296     
  -8.5199999999999996        94.558367999999973     
  -8.5000000000000000        93.854166666666671     
  -8.4800000000000004        93.153365333333355     
  -8.4600000000000009        92.455956000000043     
  -8.4399999999999995        91.761930666666657     
  -8.4199999999999999        91.071281333333332     
  -8.4000000000000004        90.384000000000000     
  -8.3799999999999990        89.700078666666641     
  -8.3599999999999994        89.019509333333318     
  -8.3399999999999999        88.342283999999992     
  -8.3200000000000003        87.668394666666671     
  -8.3000000000000007        86.997833333333361     
  -8.2799999999999994        86.330591999999982     
  -8.2599999999999998        85.666662666666639     
  -8.2400000000000002        85.006037333333339     
  -8.2200000000000006        84.348708000000016     
  -8.1999999999999993        83.694666666666649     
  -8.1799999999999997        83.043905333333328     
  -8.1600000000000001        82.396416000000002     
  -8.1400000000000006        81.752190666666678     
  -8.1199999999999992        81.111221333333290     
  -8.0999999999999996        80.473499999999987     
  -8.0800000000000001        79.839018666666661     
  -8.0600000000000005        79.207769333333360     
  -8.0399999999999991        78.579743999999977     
  -8.0199999999999996        77.954934666666645     
  -8.0000000000000000        77.333333333333329     
  -7.9800000000000004        76.714932000000005     
  -7.9600000000000000        76.099722666666679     
  -7.9399999999999995        75.487697333333315     
  -7.9199999999999999        74.878847999999991     
  -7.9000000000000004        74.273166666666668     
  -7.8799999999999999        73.670645333333340     
  -7.8599999999999994        73.071275999999983     
  -7.8399999999999999        72.475050666666661     
  -7.8200000000000003        71.881961333333351     
  -7.7999999999999998        71.292000000000002     
  -7.7799999999999994        70.705158666666648     
  -7.7599999999999998        70.121429333333325     
  -7.7400000000000002        69.540804000000009     
  -7.7199999999999998        68.963274666666663     
  -7.6999999999999993        68.388833333333309     
  -7.6799999999999997        67.817472000000009     
  -7.6600000000000001        67.249182666666670     
  -7.6400000000000006        66.683957333333353     
  -7.6200000000000001        66.121787999999995     
  -7.5999999999999996        65.562666666666658     
  -7.5800000000000001        65.006585333333334     
  -7.5600000000000005        64.453536000000000     
  -7.5400000000000000        63.903510666666669     
  -7.5199999999999996        63.356501333333327     
  -7.5000000000000000        62.812500000000000     
  -7.4800000000000004        62.271498666666673     
  -7.4600000000000000        61.733489333333331     
  -7.4399999999999995        61.198463999999987     
  -7.4199999999999999        60.666414666666668     
  -7.4000000000000004        60.137333333333338     
  -7.3799999999999999        59.611212000000002     
  -7.3599999999999994        59.088042666666652     
  -7.3399999999999999        58.567817333333323     
  -7.3200000000000003        58.050528000000007     
  -7.2999999999999998        57.536166666666674     
  -7.2799999999999994        57.024725333333308     
  -7.2599999999999998        56.516196000000001     
  -7.2400000000000002        56.010570666666666     
  -7.2199999999999998        55.507841333333324     
  -7.1999999999999993        55.007999999999981     
  -7.1799999999999997        54.511038666666664     
  -7.1600000000000001        54.016949333333329     
  -7.1400000000000006        53.525724000000011     
  -7.1200000000000001        53.037354666666673     
  -7.0999999999999996        52.551833333333320     
  -7.0800000000000001        52.069152000000010     
  -7.0600000000000005        51.589302666666676     
  -7.0400000000000000        51.112277333333331     
  -7.0199999999999996        50.638067999999990     
  -7.0000000000000000        50.166666666666664     
  -6.9800000000000004        49.698065333333346     
  -6.9600000000000000        49.232256000000007     
  -6.9399999999999995        48.769230666666658     
  -6.9199999999999999        48.308981333333335     
  -6.9000000000000004        47.851500000000016     
  -6.8799999999999999        47.396778666666663     
  -6.8599999999999994        46.944809333333318     
  -6.8399999999999999        46.495583999999994     
  -6.8200000000000003        46.049094666666676     
  -6.7999999999999998        45.605333333333327     
  -6.7799999999999994        45.164291999999982     
  -6.7599999999999998        44.725962666666661     
  -6.7400000000000002        44.290337333333341     
  -6.7199999999999998        43.857407999999992     
  -6.6999999999999993        43.427166666666650     
  -6.6799999999999997        42.999605333333335     
  -6.6600000000000001        42.574715999999995     
  -6.6400000000000006        42.152490666666679     
  -6.6200000000000001        41.732921333333344     
  -6.5999999999999996        41.315999999999995     
  -6.5800000000000001        40.901718666666667     
  -6.5600000000000005        40.490069333333338     
  -6.5400000000000000        40.081044000000006     
  -6.5199999999999996        39.674634666666662     
  -6.5000000000000000        39.270833333333336     
  -6.4800000000000004        38.869632000000010     
  -6.4600000000000000        38.471022666666670     
  -6.4399999999999995        38.074997333333322     
  -6.4199999999999999        37.681547999999999     
  -6.4000000000000004        37.290666666666681     
  -6.3799999999999999        36.902345333333329     
  -6.3599999999999994        36.516575999999979     
  -6.3399999999999999        36.133350666666672     
  -6.3200000000000003        35.752661333333343     
  -6.2999999999999998        35.374499999999998     
  -6.2799999999999994        34.998858666666656     
  -6.2599999999999998        34.625729333333332     
  -6.2400000000000002        34.255104000000003     
  -6.2199999999999998        33.886974666666660     
  -6.1999999999999993        33.521333333333317     
  -6.1799999999999997        33.158171999999993     
  -6.1600000000000001        32.797482666666667     
  -6.1400000000000006        32.439257333333337     
  -6.1200000000000001        32.083488000000003     
  -6.0999999999999996        31.730166666666655     
  -6.0800000000000001        31.379285333333335     
  -6.0600000000000005        31.030836000000008     
  -6.0400000000000000        30.684810666666664     
  -6.0199999999999996        30.341201333333327     
  -6.0000000000000000        30.000000000000000     
  -5.9799999999999995        29.661198666666660     
  -5.9600000000000000        29.324789333333328     
  -5.9399999999999995        28.990763999999992     
  -5.9199999999999999        28.659114666666660     
  -5.9000000000000004        28.329833333333340     
  -5.8799999999999999        28.002911999999998     
  -5.8600000000000003        27.678342666666673     
  -5.8399999999999999        27.356117333333327     
  -5.8200000000000003        27.036228000000008     
  -5.7999999999999998        26.718666666666667     
  -5.7800000000000002        26.403425333333338     
  -5.7599999999999998        26.090495999999995     
  -5.7400000000000002        25.779870666666667     
  -5.7199999999999998        25.471541333333331     
  -5.7000000000000002        25.165500000000002     
  -5.6799999999999997        24.861738666666664     
  -5.6600000000000001        24.560249333333338     
  -5.6399999999999997        24.261023999999992     
  -5.6200000000000001        23.964054666666669     
  -5.5999999999999996        23.669333333333327     
  -5.5800000000000001        23.376852000000000     
  -5.5599999999999996        23.086602666666664     
  -5.5400000000000000        22.798577333333334     
  -5.5199999999999996        22.512767999999994     
  -5.5000000000000000        22.229166666666668     
  -5.4799999999999995        21.947765333333326     
  -5.4600000000000000        21.668555999999999     
  -5.4399999999999995        21.391530666666661     
  -5.4199999999999999        21.116681333333332     
  -5.3999999999999995        20.843999999999991     
  -5.3799999999999999        20.573478666666666     
  -5.3600000000000003        20.305109333333338     
  -5.3399999999999999        20.038883999999999     
  -5.3200000000000003        19.774794666666669     
  -5.2999999999999998        19.512833333333329     
  -5.2800000000000002        19.252992000000003     
  -5.2599999999999998        18.995262666666662     
  -5.2400000000000002        18.739637333333341     
  -5.2199999999999998        18.486107999999998     
  -5.2000000000000002        18.234666666666673     
  -5.1799999999999997        17.985305333333326     
  -5.1600000000000001        17.738016000000002     
  -5.1399999999999997        17.492790666666661     
  -5.1200000000000001        17.249621333333337     
  -5.0999999999999996        17.008499999999998     
  -5.0800000000000001        16.769418666666667     
  -5.0599999999999996        16.532369333333328     
  -5.0400000000000000        16.297344000000002     
  -5.0199999999999996        16.064334666666660     
  -5.0000000000000000        15.833333333333332     
  -4.9799999999999995        15.604331999999992     
  -4.9600000000000000        15.377322666666668     
  -4.9399999999999995        15.152297333333324     
  -4.9199999999999999        14.929247999999999     
  -4.8999999999999995        14.708166666666660     
  -4.8799999999999999        14.489045333333333     
  -4.8600000000000003        14.271876000000002     
  -4.8399999999999999        14.056650666666666     
  -4.8200000000000003        13.843361333333338     
  -4.7999999999999998        13.631999999999998     
  -4.7800000000000002        13.422558666666667     
  -4.7599999999999998        13.215029333333332     
  -4.7400000000000002        13.009404000000002     
  -4.7199999999999998        12.805674666666665     
  -4.7000000000000002        12.603833333333338     
  -4.6799999999999997        12.403871999999996     
  -4.6600000000000001        12.205782666666668     
  -4.6399999999999997        12.009557333333330     
  -4.6200000000000001        11.815187999999999     
  -4.5999999999999996        11.622666666666662     
  -4.5800000000000001        11.431985333333335     
  -4.5599999999999996        11.243135999999996     
  -4.5400000000000000        11.056110666666665     
  -4.5199999999999996        10.870901333333327     
  -4.5000000000000000        10.687500000000000     
  -4.4799999999999995        10.505898666666663     
  -4.4600000000000000        10.326089333333336     
  -4.4399999999999995        10.148063999999996     
  -4.4199999999999999        9.9718146666666669     
  -4.3999999999999995        9.7973333333333272     
  -4.3799999999999999        9.6246119999999991     
  -4.3600000000000003        9.4536426666666671     
  -4.3399999999999999        9.2844173333333337     
  -4.3200000000000003        9.1169280000000015     
  -4.2999999999999998        8.9511666666666656     
  -4.2800000000000002        8.7871253333333357     
  -4.2599999999999998        8.6247959999999964     
  -4.2400000000000002        8.4641706666666696     
  -4.2199999999999998        8.3052413333333313     
  -4.2000000000000002        8.1479999999999997     
  -4.1799999999999997        7.9924386666666649     
  -4.1600000000000001        7.8385493333333347     
  -4.1399999999999997        7.6863239999999982     
  -4.1200000000000001        7.5357546666666666     
  -4.0999999999999996        7.3868333333333318     
  -4.0800000000000001        7.2395519999999998     
  -4.0599999999999996        7.0939026666666622     
  -4.0400000000000000        6.9498773333333324     
  -4.0199999999999996        6.8074679999999965     
  -4.0000000000000000        6.6666666666666661     
  -3.9799999999999995        6.5274653333333310     
  -3.9600000000000000        6.3898559999999991     
  -3.9399999999999995        6.2538306666666639     
  -3.9199999999999999        6.1193813333333331     
  -3.8999999999999995        5.9864999999999968     
  -3.8799999999999999        5.8551786666666663     
  -3.8599999999999994        5.7254093333333298     
  -3.8399999999999999        5.5971840000000004     
  -3.8200000000000003        5.4704946666666689     
  -3.7999999999999998        5.3453333333333317     
  -3.7800000000000002        5.2216920000000000     
  -3.7599999999999998        5.0995626666666656     
  -3.7400000000000002        4.9789373333333344     
  -3.7199999999999998        4.8598079999999984     
  -3.7000000000000002        4.7421666666666669     
  -3.6799999999999997        4.6260053333333317     
  -3.6600000000000001        4.5113160000000008     
  -3.6399999999999997        4.3980906666666639     
  -3.6200000000000001        4.2863213333333334     
  -3.5999999999999996        4.1759999999999975     
  -3.5800000000000001        4.0671186666666665     
  -3.5599999999999996        3.9596693333333306     
  -3.5400000000000000        3.8536440000000010     
  -3.5199999999999996        3.7490346666666641     
  -3.5000000000000000        3.6458333333333330     
  -3.4799999999999995        3.5440319999999979     
  -3.4600000000000000        3.4436226666666672     
  -3.4399999999999995        3.3445973333333310     
  -3.4199999999999999        3.2469479999999988     
  -3.3999999999999995        3.1506666666666643     
  -3.3799999999999999        3.0557453333333324     
  -3.3599999999999994        2.9621759999999968     
  -3.3399999999999999        2.8699506666666670     
  -3.3200000000000003        2.7790613333333347     
  -3.2999999999999998        2.6894999999999998     
  -3.2800000000000002        2.6012586666666673     
  -3.2599999999999998        2.5143293333333334     
  -3.2400000000000002        2.4287040000000015     
  -3.2199999999999998        2.3443746666666652     
  -3.2000000000000002        2.2613333333333347     
  -3.1799999999999997        2.1795719999999976     
  -3.1600000000000001        2.0990826666666678     
  -3.1399999999999997        2.0198573333333325     
  -3.1200000000000001        1.9418880000000005     
  -3.0999999999999996        1.8651666666666653     
  -3.0800000000000001        1.7896853333333338     
  -3.0599999999999996        1.7154359999999986     
  -3.0400000000000000        1.6424106666666667     
  -3.0199999999999996        1.5706013333333324     
  -3.0000000000000000        1.5000000000000000     
  -2.9799999999999995        1.4305986666666657     
  -2.9600000000000000        1.3623893333333328     
  -2.9399999999999995        1.2953639999999984     
  -2.9199999999999999        1.2295146666666659     
  -2.8999999999999995        1.1648333333333314     
  -2.8799999999999999        1.1013119999999996     
  -2.8599999999999994        1.0389426666666650     
  -2.8399999999999999       0.97771733333333311     
  -2.8200000000000003       0.91762800000000100     
  -2.7999999999999998       0.85866666666666580     
  -2.7800000000000002       0.80082533333333439     
  -2.7599999999999998       0.74409599999999942     
  -2.7400000000000002       0.68847066666666734     
  -2.7199999999999998       0.63394133333333302     
  -2.7000000000000002       0.58050000000000024     
  -2.6799999999999997       0.52813866666666565     
  -2.6600000000000001       0.47684933333333346     
  -2.6399999999999997       0.42662399999999900     
  -2.6200000000000001       0.37745466666666738     
  -2.5999999999999996       0.32933333333333259     
  -2.5800000000000001       0.28225200000000017     
  -2.5599999999999996       0.23620266666666589     
  -2.5400000000000000       0.19117733333333309     
  -2.5199999999999996       0.14716799999999886     
  -2.5000000000000000       0.10416666666666652     
  -2.4799999999999995        6.2165333333332295E-002
  -2.4600000000000000        2.1155999999999953E-002
  -2.4399999999999995       -1.8869333333334293E-002
  -2.4199999999999999       -5.7918666666666674E-002
  -2.3999999999999995       -9.6000000000001418E-002
  -2.3799999999999999      -0.13312133333333342     
  -2.3599999999999994      -0.16929066666666737     
  -2.3399999999999999      -0.20451600000000036     
  -2.3200000000000003      -0.23880533333333309     
  -2.2999999999999998      -0.27216666666666711     
  -2.2800000000000002      -0.30460799999999977     
  -2.2599999999999998      -0.33613733333333395     
  -2.2400000000000002      -0.36676266666666635     
  -2.2199999999999998      -0.39649200000000029     
  -2.2000000000000002      -0.42533333333333290     
  -2.1799999999999997      -0.45329466666666707     
  -2.1600000000000001      -0.48038399999999992     
  -2.1399999999999997      -0.50660933333333369     
  -2.1200000000000001      -0.53197866666666638     
  -2.0999999999999996      -0.55650000000000044     
  -2.0800000000000001      -0.58018133333333322     
  -2.0599999999999996      -0.60303066666666716     
  -2.0400000000000000      -0.62505600000000006     
  -2.0199999999999996      -0.64626533333333391     
  -2.0000000000000000      -0.66666666666666674     
  -1.9800000000000004      -0.68626799999999966     
  -1.9599999999999991      -0.70507733333333422     
  -1.9399999999999995      -0.72310266666666712     
  -1.9199999999999999      -0.74035199999999990     
  -1.9000000000000004      -0.75683333333333302     
  -1.8799999999999990      -0.77255466666666739     
  -1.8599999999999994      -0.78752400000000056     
  -1.8399999999999999      -0.80174933333333342     
  -1.8200000000000003      -0.81523866666666644     
  -1.8000000000000007      -0.82799999999999951     
  -1.7799999999999994      -0.84004133333333364     
  -1.7599999999999998      -0.85137066666666683     
  -1.7400000000000002      -0.86199599999999987     
  -1.7200000000000006      -0.87192533333333300     
  -1.6999999999999993      -0.88116666666666699     
  -1.6799999999999997      -0.88972800000000019     
  -1.6600000000000001      -0.89761733333333327     
  -1.6400000000000006      -0.90484266666666657     
  -1.6199999999999992      -0.91141200000000033     
  -1.5999999999999996      -0.91733333333333344     
  -1.5800000000000001      -0.92261466666666658     
  -1.5600000000000005      -0.92726399999999987     
  -1.5399999999999991      -0.93128933333333352     
  -1.5199999999999996      -0.93469866666666668     
  -1.5000000000000000      -0.93750000000000000     
  -1.4800000000000004      -0.93970133333333328     
  -1.4599999999999991      -0.94131066666666674     
  -1.4399999999999995      -0.94233600000000006     
  -1.4199999999999999      -0.94278533333333336     
  -1.4000000000000004      -0.94266666666666676     
  -1.3799999999999990      -0.94198800000000005     
  -1.3599999999999994      -0.94075733333333322     
  -1.3399999999999999      -0.93898266666666674     
  -1.3200000000000003      -0.93667199999999995     
  -1.2999999999999989      -0.93383333333333307     
  -1.2799999999999994      -0.93047466666666656     
  -1.2599999999999998      -0.92660399999999998     
  -1.2400000000000002      -0.92222933333333335     
  -1.2200000000000006      -0.91735866666666688     
  -1.1999999999999993      -0.91199999999999970     
  -1.1799999999999997      -0.90616133333333315     
  -1.1600000000000001      -0.89985066666666680     
  -1.1400000000000006      -0.89307600000000020     
  -1.1199999999999992      -0.88584533333333304     
  -1.0999999999999996      -0.87816666666666654     
  -1.0800000000000001      -0.87004800000000004     
  -1.0600000000000005      -0.86149733333333356     
  -1.0399999999999991      -0.85252266666666632     
  -1.0199999999999996      -0.84313199999999977     
  -1.0000000000000000      -0.83333333333333337     
 -0.98000000000000043      -0.82313466666666690     
 -0.95999999999999908      -0.81254399999999949     
 -0.93999999999999950      -0.80156933333333302     
 -0.91999999999999993      -0.79021866666666662     
 -0.90000000000000036      -0.77850000000000019     
 -0.87999999999999901      -0.76642133333333273     
 -0.85999999999999943      -0.75399066666666625     
 -0.83999999999999986      -0.74121599999999987     
 -0.82000000000000028      -0.72810533333333349     
 -0.79999999999999893      -0.71466666666666590     
 -0.77999999999999936      -0.70090799999999953     
 -0.75999999999999979      -0.68683733333333319     
 -0.74000000000000021      -0.67246266666666688     
 -0.72000000000000064      -0.65779200000000049     
 -0.69999999999999929      -0.64283333333333281     
 -0.67999999999999972      -0.62759466666666641     
 -0.66000000000000014      -0.61208400000000007     
 -0.64000000000000057      -0.59630933333333380     
 -0.61999999999999922      -0.58027866666666605     
 -0.59999999999999964      -0.56399999999999972     
 -0.58000000000000007      -0.54748133333333338     
 -0.56000000000000050      -0.53073066666666713     
 -0.53999999999999915      -0.51375599999999932     
 -0.51999999999999957      -0.49656533333333297     
 -0.50000000000000000      -0.47916666666666669     
 -0.48000000000000043      -0.46156800000000037     
 -0.45999999999999908      -0.44377733333333252     
 -0.43999999999999950      -0.42580266666666622     
 -0.41999999999999993      -0.40765199999999996     
 -0.40000000000000036      -0.38933333333333364     
 -0.37999999999999901      -0.37085466666666572     
 -0.35999999999999943      -0.35222399999999948     
 -0.33999999999999986      -0.33344933333333321     
 -0.32000000000000028      -0.31453866666666691     
 -0.29999999999999893      -0.29549999999999899     
 -0.27999999999999936      -0.27634133333333272     
 -0.25999999999999979      -0.25707066666666645     
 -0.24000000000000021      -0.23769600000000021     
 -0.22000000000000064      -0.21822533333333397     
 -0.19999999999999929      -0.19866666666666596     
 -0.17999999999999972      -0.17902799999999972     
 -0.16000000000000014      -0.15931733333333348     
 -0.14000000000000057      -0.13954266666666723     
 -0.11999999999999922      -0.11971199999999922     
  -9.9999999999999645E-002  -9.9833333333332983E-002
  -8.0000000000000071E-002  -7.9914666666666731E-002
  -6.0000000000000497E-002  -5.9964000000000496E-002
  -3.9999999999999147E-002  -3.9989333333332482E-002
  -1.9999999999999574E-002  -1.9998666666666241E-002
   0.0000000000000000        0.0000000000000000     
   1.9999999999999574E-002   1.9998666666666241E-002
   4.0000000000000924E-002   3.9989333333334258E-002
   6.0000000000000497E-002   5.9964000000000496E-002
   8.0000000000000071E-002   7.9914666666666731E-002
   9.9999999999999645E-002   9.9833333333332983E-002
  0.12000000000000099       0.11971200000000098     
  0.14000000000000057       0.13954266666666723     
  0.16000000000000014       0.15931733333333348     
  0.17999999999999972       0.17902799999999972     
  0.20000000000000107       0.19866666666666771     
  0.22000000000000064       0.21822533333333397     
  0.24000000000000021       0.23769600000000021     
  0.25999999999999979       0.25707066666666645     
  0.27999999999999936       0.27634133333333272     
  0.30000000000000071       0.29550000000000065     
  0.32000000000000028       0.31453866666666691     
  0.33999999999999986       0.33344933333333321     
  0.35999999999999943       0.35222399999999948     
  0.38000000000000078       0.37085466666666739     
  0.40000000000000036       0.38933333333333364     
  0.41999999999999993       0.40765199999999996     
  0.43999999999999950       0.42580266666666622     
  0.46000000000000085       0.44377733333333408     
  0.48000000000000043       0.46156800000000037     
  0.50000000000000000       0.47916666666666669     
  0.51999999999999957       0.49656533333333297     
  0.54000000000000092       0.51375600000000077     
  0.56000000000000050       0.53073066666666713     
  0.58000000000000007       0.54748133333333338     
  0.59999999999999964       0.56399999999999972     
  0.62000000000000099       0.58027866666666750     
  0.64000000000000057       0.59630933333333380     
  0.66000000000000014       0.61208400000000007     
  0.67999999999999972       0.62759466666666641     
  0.70000000000000107       0.64283333333333414     
  0.72000000000000064       0.65779200000000049     
  0.74000000000000021       0.67246266666666688     
  0.75999999999999979       0.68683733333333319     
  0.77999999999999936       0.70090799999999953     
  0.80000000000000071       0.71466666666666712     
  0.82000000000000028       0.72810533333333349     
  0.83999999999999986       0.74121599999999987     
  0.85999999999999943       0.75399066666666625     
  0.88000000000000078       0.76642133333333384     
  0.90000000000000036       0.77850000000000019     
  0.91999999999999993       0.79021866666666662     
  0.93999999999999950       0.80156933333333302     
  0.96000000000000085       0.81254400000000049     
  0.98000000000000043       0.82313466666666690     
   1.0000000000000000       0.83333333333333337     
   1.0199999999999996       0.84313199999999977     
   1.0400000000000009       0.85252266666666709     
   1.0600000000000005       0.86149733333333356     
   1.0800000000000001       0.87004800000000004     
   1.0999999999999996       0.87816666666666654     
   1.1200000000000010       0.88584533333333371     
   1.1400000000000006       0.89307600000000020     
   1.1600000000000001       0.89985066666666680     
   1.1799999999999997       0.90616133333333315     
   1.2000000000000011       0.91200000000000037     
   1.2200000000000006       0.91735866666666688     
   1.2400000000000002       0.92222933333333335     
   1.2599999999999998       0.92660399999999998     
   1.2799999999999994       0.93047466666666656     
   1.3000000000000007       0.93383333333333352     
   1.3200000000000003       0.93667199999999995     
   1.3399999999999999       0.93898266666666674     
   1.3599999999999994       0.94075733333333322     
   1.3800000000000008       0.94198800000000005     
   1.4000000000000004       0.94266666666666676     
   1.4199999999999999       0.94278533333333336     
   1.4399999999999995       0.94233600000000006     
   1.4600000000000009       0.94131066666666663     
   1.4800000000000004       0.93970133333333328     
   1.5000000000000000       0.93750000000000000     
   1.5199999999999996       0.93469866666666668     
   1.5400000000000009       0.93128933333333308     
   1.5600000000000005       0.92726399999999987     
   1.5800000000000001       0.92261466666666658     
   1.5999999999999996       0.91733333333333344     
   1.6200000000000010       0.91141199999999978     
   1.6400000000000006       0.90484266666666657     
   1.6600000000000001       0.89761733333333327     
   1.6799999999999997       0.88972800000000019     
   1.7000000000000011       0.88116666666666621     
   1.7200000000000006       0.87192533333333300     
   1.7400000000000002       0.86199599999999987     
   1.7599999999999998       0.85137066666666683     
   1.7799999999999994       0.84004133333333364     
   1.8000000000000007       0.82799999999999951     
   1.8200000000000003       0.81523866666666644     
   1.8399999999999999       0.80174933333333342     
   1.8599999999999994       0.78752400000000056     
   1.8800000000000008       0.77255466666666606     
   1.9000000000000004       0.75683333333333302     
   1.9199999999999999       0.74035199999999990     
   1.9399999999999995       0.72310266666666712     
   1.9600000000000009       0.70507733333333245     
   1.9800000000000004       0.68626799999999966     
   2.0000000000000000       0.66666666666666674     
   2.0199999999999996       0.64626533333333391     
   2.0400000000000009       0.62505599999999895     
   2.0600000000000005       0.60303066666666605     
   2.0800000000000001       0.58018133333333322     
   2.0999999999999996       0.55650000000000044     
   2.1200000000000010       0.53197866666666549     
   2.1400000000000006       0.50660933333333258     
   2.1600000000000001       0.48038399999999992     
   2.1799999999999997       0.45329466666666707     
   2.2000000000000011       0.42533333333333201     
   2.2200000000000006       0.39649199999999918     
   2.2400000000000002       0.36676266666666635     
   2.2599999999999998       0.33613733333333395     
   2.2800000000000011       0.30460799999999821     
   2.3000000000000007       0.27216666666666534     
   2.3200000000000003       0.23880533333333309     
   2.3399999999999999       0.20451600000000036     
   2.3599999999999994       0.16929066666666737     
   2.3800000000000008       0.13312133333333165     
   2.4000000000000004        9.5999999999999641E-002
   2.4199999999999999        5.7918666666666674E-002
   2.4399999999999995        1.8869333333334293E-002
   2.4600000000000009       -2.1156000000001729E-002
   2.4800000000000004       -6.2165333333334072E-002
   2.5000000000000000      -0.10416666666666652     
   2.5199999999999996      -0.14716799999999886     
   2.5400000000000009      -0.19117733333333531     
   2.5600000000000005      -0.23620266666666767     
   2.5800000000000001      -0.28225200000000017     
   2.5999999999999996      -0.32933333333333259     
   2.6200000000000010      -0.37745466666666916     
   2.6400000000000006      -0.42662400000000167     
   2.6600000000000001      -0.47684933333333346     
   2.6799999999999997      -0.52813866666666565     
   2.7000000000000011      -0.58050000000000246     
   2.7200000000000006      -0.63394133333333480     
   2.7400000000000002      -0.68847066666666734     
   2.7599999999999998      -0.74409599999999942     
   2.7800000000000011      -0.80082533333333616     
   2.8000000000000007      -0.85866666666666847     
   2.8200000000000003      -0.91762800000000100     
   2.8399999999999999      -0.97771733333333311     
   2.8599999999999994       -1.0389426666666650     
   2.8800000000000008       -1.1013120000000023     
   2.9000000000000004       -1.1648333333333349     
   2.9199999999999999       -1.2295146666666659     
   2.9399999999999995       -1.2953639999999984     
   2.9600000000000009       -1.3623893333333363     
   2.9800000000000004       -1.4305986666666684     
   3.0000000000000000       -1.5000000000000000     
   3.0199999999999996       -1.5706013333333324     
   3.0400000000000009       -1.6424106666666693     
   3.0600000000000005       -1.7154360000000022     
   3.0800000000000001       -1.7896853333333338     
   3.0999999999999996       -1.8651666666666653     
   3.1200000000000010       -1.9418880000000041     
   3.1400000000000006       -2.0198573333333352     
   3.1600000000000001       -2.0990826666666678     
   3.1799999999999997       -2.1795719999999976     
   3.2000000000000011       -2.2613333333333383     
   3.2200000000000006       -2.3443746666666696     
   3.2400000000000002       -2.4287040000000015     
   3.2599999999999998       -2.5143293333333334     
   3.2800000000000011       -2.6012586666666708     
   3.3000000000000007       -2.6895000000000024     
   3.3200000000000003       -2.7790613333333347     
   3.3399999999999999       -2.8699506666666670     
   3.3599999999999994       -2.9621759999999968     
   3.3800000000000008       -3.0557453333333369     
   3.4000000000000004       -3.1506666666666678     
   3.4199999999999999       -3.2469479999999988     
   3.4399999999999995       -3.3445973333333310     
   3.4600000000000009       -3.4436226666666707     
   3.4800000000000004       -3.5440320000000023     
   3.5000000000000000       -3.6458333333333330     
   3.5199999999999996       -3.7490346666666641     
   3.5400000000000009       -3.8536440000000045     
   3.5600000000000005       -3.9596693333333359     
   3.5800000000000001       -4.0671186666666665     
   3.5999999999999996       -4.1759999999999975     
   3.6200000000000010       -4.2863213333333396     
   3.6400000000000006       -4.3980906666666701     
   3.6600000000000001       -4.5113160000000008     
   3.6799999999999997       -4.6260053333333317     
   3.7000000000000011       -4.7421666666666731     
   3.7200000000000006       -4.8598080000000046     
   3.7400000000000002       -4.9789373333333344     
   3.7599999999999998       -5.0995626666666656     
   3.7800000000000011       -5.2216920000000062     
   3.8000000000000007       -5.3453333333333379     
   3.8200000000000003       -5.4704946666666689     
   3.8399999999999999       -5.5971840000000004     
   3.8599999999999994       -5.7254093333333298     
   3.8800000000000008       -5.8551786666666725     
   3.9000000000000004       -5.9865000000000030     
   3.9199999999999999       -6.1193813333333331     
   3.9399999999999995       -6.2538306666666639     
   3.9600000000000009       -6.3898560000000053     
   3.9800000000000004       -6.5274653333333372     
   4.0000000000000000       -6.6666666666666661     
   4.0199999999999996       -6.8074679999999965     
   4.0400000000000009       -6.9498773333333403     
   4.0600000000000005       -7.0939026666666685     
   4.0800000000000001       -7.2395519999999998     
   4.0999999999999996       -7.3868333333333318     
   4.1200000000000010       -7.5357546666666746     
   4.1400000000000006       -7.6863240000000044     
   4.1600000000000001       -7.8385493333333347     
   4.1799999999999997       -7.9924386666666649     
   4.2000000000000011       -8.1480000000000068     
   4.2200000000000006       -8.3052413333333384     
   4.2400000000000002       -8.4641706666666696     
   4.2599999999999998       -8.6247959999999964     
   4.2800000000000011       -8.7871253333333428     
   4.3000000000000007       -8.9511666666666709     
   4.3200000000000003       -9.1169280000000015     
   4.3399999999999999       -9.2844173333333337     
   4.3599999999999994       -9.4536426666666618     
   4.3800000000000008       -9.6246120000000079     
   4.4000000000000004       -9.7973333333333379     
   4.4199999999999999       -9.9718146666666669     
   4.4399999999999995       -10.148063999999996     
   4.4600000000000009       -10.326089333333341     
   4.4800000000000004       -10.505898666666670     
   4.5000000000000000       -10.687500000000000     
   4.5199999999999996       -10.870901333333327     
   4.5400000000000009       -11.056110666666676     
   4.5600000000000005       -11.243136000000003     
   4.5800000000000001       -11.431985333333335     
   4.5999999999999996       -11.622666666666662     
   4.6200000000000010       -11.815188000000010     
   4.6400000000000006       -12.009557333333337     
   4.6600000000000001       -12.205782666666668     
   4.6799999999999997       -12.403871999999996     
   4.7000000000000011       -12.603833333333347     
   4.7200000000000006       -12.805674666666670     
   4.7400000000000002       -13.009404000000002     
   4.7599999999999998       -13.215029333333332     
   4.7800000000000011       -13.422558666666678     
   4.8000000000000007       -13.632000000000005     
   4.8200000000000003       -13.843361333333338     
   4.8399999999999999       -14.056650666666666     
   4.8599999999999994       -14.271875999999995     
   4.8800000000000008       -14.489045333333342     
   4.9000000000000004       -14.708166666666672     
   4.9199999999999999       -14.929247999999999     
   4.9399999999999995       -15.152297333333324     
   4.9600000000000009       -15.377322666666675     
   4.9800000000000004       -15.604332000000003     
   5.0000000000000000       -15.833333333333332     
   5.0199999999999996       -16.064334666666660     
   5.0400000000000009       -16.297344000000010     
   5.0600000000000005       -16.532369333333335     
   5.0800000000000001       -16.769418666666667     
   5.0999999999999996       -17.008499999999998     
   5.1200000000000010       -17.249621333333344     
   5.1400000000000006       -17.492790666666675     
   5.1600000000000001       -17.738016000000002     
   5.1799999999999997       -17.985305333333326     
   5.2000000000000011       -18.234666666666683     
   5.2200000000000006       -18.486108000000009     
   5.2400000000000002       -18.739637333333341     
   5.2599999999999998       -18.995262666666662     
   5.2800000000000011       -19.252992000000017     
   5.3000000000000007       -19.512833333333344     
   5.3200000000000003       -19.774794666666669     
   5.3399999999999999       -20.038883999999999     
   5.3599999999999994       -20.305109333333323     
   5.3800000000000008       -20.573478666666681     
   5.4000000000000004       -20.844000000000001     
   5.4199999999999999       -21.116681333333332     
   5.4399999999999995       -21.391530666666661     
   5.4600000000000009       -21.668556000000013     
   5.4800000000000004       -21.947765333333340     
   5.5000000000000000       -22.229166666666668     
   5.5199999999999996       -22.512767999999994     
   5.5400000000000009       -22.798577333333348     
   5.5600000000000005       -23.086602666666678     
   5.5800000000000001       -23.376852000000000     
   5.5999999999999996       -23.669333333333327     
   5.6200000000000010       -23.964054666666684     
   5.6400000000000006       -24.261024000000010     
   5.6600000000000001       -24.560249333333338     
   5.6799999999999997       -24.861738666666664     
   5.7000000000000011       -25.165500000000016     
   5.7200000000000006       -25.471541333333349     
   5.7400000000000002       -25.779870666666667     
   5.7599999999999998       -26.090495999999995     
   5.7800000000000011       -26.403425333333352     
   5.8000000000000007       -26.718666666666682     
   5.8200000000000003       -27.036228000000008     
   5.8399999999999999       -27.356117333333327     
   5.8600000000000012       -27.678342666666687     
   5.8800000000000008       -28.002912000000009     
   5.9000000000000004       -28.329833333333340     
   5.9199999999999999       -28.659114666666660     
   5.9399999999999995       -28.990763999999992     
   5.9600000000000009       -29.324789333333349     
   5.9800000000000004       -29.661198666666674     
   6.0000000000000000       -30.000000000000000     
   6.0199999999999996       -30.341201333333327     
   6.0399999999999991       -30.684810666666657     
   6.0599999999999987       -31.030835999999976     
   6.0800000000000018       -31.379285333333360     
   6.1000000000000014       -31.730166666666690     
   6.1200000000000010       -32.083488000000017     
   6.1400000000000006       -32.439257333333337     
   6.1600000000000001       -32.797482666666667     
   6.1799999999999997       -33.158171999999993     
   6.1999999999999993       -33.521333333333317     
   6.2199999999999989       -33.886974666666646     
   6.2400000000000020       -34.255104000000038     
   6.2600000000000016       -34.625729333333368     
   6.2800000000000011       -34.998858666666685     
   6.3000000000000007       -35.374500000000012     
   6.3200000000000003       -35.752661333333343     
   6.3399999999999999       -36.133350666666672     
   6.3599999999999994       -36.516575999999979     
   6.3799999999999990       -36.902345333333315     
   6.3999999999999986       -37.290666666666638     
   6.4200000000000017       -37.681548000000035     
   6.4400000000000013       -38.074997333333357     
   6.4600000000000009       -38.471022666666684     
   6.4800000000000004       -38.869632000000010     
   6.5000000000000000       -39.270833333333336     
   6.5199999999999996       -39.674634666666662     
   6.5399999999999991       -40.081043999999984     
   6.5599999999999987       -40.490069333333309     
   6.5800000000000018       -40.901718666666710     
   6.6000000000000014       -41.316000000000024     
   6.6200000000000010       -41.732921333333351     
   6.6400000000000006       -42.152490666666679     
   6.6600000000000001       -42.574715999999995     
   6.6799999999999997       -42.999605333333335     
   6.6999999999999993       -43.427166666666650     
   6.7199999999999989       -43.857407999999971     
   6.7400000000000020       -44.290337333333383     
   6.7600000000000016       -44.725962666666703     
   6.7800000000000011       -45.164292000000025     
   6.8000000000000007       -45.605333333333348     
   6.8200000000000003       -46.049094666666676     
   6.8399999999999999       -46.495583999999994     
   6.8599999999999994       -46.944809333333318     
   6.8799999999999990       -47.396778666666648     
   6.8999999999999986       -47.851499999999966     
   6.9200000000000017       -48.308981333333371     
   6.9400000000000013       -48.769230666666687     
   6.9600000000000009       -49.232256000000021     
   6.9800000000000004       -49.698065333333346     
   7.0000000000000000       -50.166666666666664     
   7.0199999999999996       -50.638067999999990     
   7.0399999999999991       -51.112277333333310     
   7.0599999999999987       -51.589302666666640     
   7.0800000000000018       -52.069152000000045     
   7.1000000000000014       -52.551833333333363     
   7.1200000000000010       -53.037354666666687     
   7.1400000000000006       -53.525724000000011     
   7.1600000000000001       -54.016949333333329     
   7.1799999999999997       -54.511038666666664     
   7.1999999999999993       -55.007999999999981     
   7.2199999999999989       -55.507841333333310     
   7.2400000000000020       -56.010570666666723     
   7.2600000000000016       -56.516196000000036     
   7.2800000000000011       -57.024725333333365     
   7.3000000000000007       -57.536166666666688     
   7.3200000000000003       -58.050528000000007     
   7.3399999999999999       -58.567817333333323     
   7.3599999999999994       -59.088042666666652     
   7.3799999999999990       -59.611211999999981     
   7.4000000000000021       -60.137333333333387     
   7.4200000000000017       -60.666414666666711     
   7.4400000000000013       -61.198464000000044     
   7.4600000000000009       -61.733489333333360     
   7.4800000000000004       -62.271498666666673     
   7.5000000000000000       -62.812500000000000     
   7.5199999999999996       -63.356501333333327     
   7.5399999999999991       -63.903510666666655     
   7.5599999999999987       -64.453535999999971     
   7.5800000000000018       -65.006585333333391     
   7.6000000000000014       -65.562666666666701     
   7.6200000000000010       -66.121788000000024     
   7.6400000000000006       -66.683957333333353     
   7.6600000000000001       -67.249182666666670     
   7.6799999999999997       -67.817472000000009     
   7.6999999999999993       -68.388833333333309     
   7.7199999999999989       -68.963274666666635     
   7.7400000000000020       -69.540804000000065     
   7.7600000000000016       -70.121429333333381     
   7.7800000000000011       -70.705158666666705     
   7.8000000000000007       -71.292000000000030     
   7.8200000000000003       -71.881961333333351     
   7.8399999999999999       -72.475050666666661     
   7.8599999999999994       -73.071275999999983     
   7.8799999999999990       -73.670645333333312     
   7.9000000000000021       -74.273166666666725     
   7.9200000000000017       -74.878848000000048     
   7.9400000000000013       -75.487697333333372     
   7.9600000000000009       -76.099722666666707     
   7.9800000000000004       -76.714932000000005     
   8.0000000000000000       -77.333333333333329     
   8.0199999999999996       -77.954934666666645     
   8.0399999999999991       -78.579743999999977     
   8.0599999999999987       -79.207769333333303     
   8.0800000000000018       -79.839018666666732     
   8.1000000000000014       -80.473500000000058     
   8.1200000000000010       -81.111221333333347     
   8.1400000000000006       -81.752190666666678     
   8.1600000000000001       -82.396416000000002     
   8.1799999999999997       -83.043905333333328     
   8.1999999999999993       -83.694666666666649     
   8.2199999999999989       -84.348707999999959     
   8.2400000000000020       -85.006037333333410     
   8.2600000000000016       -85.666662666666724     
   8.2800000000000011       -86.330592000000038     
   8.3000000000000007       -86.997833333333361     
   8.3200000000000003       -87.668394666666671     
   8.3399999999999999       -88.342283999999992     
   8.3599999999999994       -89.019509333333318     
   8.3799999999999990       -89.700078666666641     
   8.4000000000000021       -90.384000000000057     
   8.4200000000000017       -91.071281333333388     
   8.4400000000000013       -91.761930666666714     
   8.4600000000000009       -92.455956000000043     
   8.4800000000000004       -93.153365333333355     
   8.5000000000000000       -93.854166666666671     
   8.5199999999999996       -94.558367999999973     
   8.5399999999999991       -95.265977333333296     
   8.5599999999999987       -95.977002666666621     
   8.5800000000000018       -96.691452000000069     
   8.6000000000000014       -97.409333333333365     
   8.6200000000000010       -98.130654666666700     
   8.6400000000000006       -98.855424000000014     
   8.6600000000000001       -99.583649333333341     
   8.6799999999999997       -100.31533866666666     
   8.6999999999999993       -101.05049999999997     
   8.7199999999999989       -101.78914133333329     
   8.7400000000000020       -102.53127066666673     
   8.7600000000000016       -103.27689600000006     
   8.7800000000000011       -104.02602533333338     
   8.8000000000000007       -104.77866666666671     
   8.8200000000000003       -105.53482800000000     
   8.8399999999999999       -106.29451733333333     
   8.8599999999999994       -107.05774266666664     
   8.8799999999999990       -107.82451199999997     
   8.9000000000000021       -108.59483333333341     
   8.9200000000000017       -109.36871466666673     
   8.9400000000000013       -110.14616400000006     
   8.9600000000000009       -110.92718933333336     
   8.9800000000000004       -111.71179866666668     
   9.0000000000000000       -112.50000000000000     
   9.0199999999999996       -113.29180133333332     
   9.0399999999999991       -114.08721066666661     
   9.0599999999999987       -114.88623599999994     
   9.0800000000000018       -115.68888533333342     
   9.1000000000000014       -116.49516666666673     
   9.1200000000000010       -117.30508800000003     
   9.1400000000000006       -118.11865733333336     
   9.1600000000000001       -118.93588266666669     
   9.1799999999999997       -119.75677199999998     
   9.1999999999999993       -120.58133333333329     
   9.2199999999999989       -121.40957466666663     
   9.2400000000000020       -122.24150400000008     
   9.2600000000000016       -123.07712933333342     
   9.2800000000000011       -123.91645866666670     
   9.3000000000000007       -124.75950000000005     
   9.3200000000000003       -125.60626133333335     
   9.3399999999999999       -126.45675066666666     
   9.3599999999999994       -127.31097599999997     
   9.3799999999999990       -128.16894533333328     
   9.4000000000000021       -129.03066666666678     
   9.4200000000000017       -129.89614800000010     
   9.4400000000000013       -130.76539733333337     
   9.4600000000000009       -131.63842266666671     
   9.4800000000000004       -132.51523200000003     
   9.5000000000000000       -133.39583333333334     
   9.5199999999999996       -134.28023466666664     
   9.5399999999999991       -135.16844399999997     
   9.5599999999999987       -136.06046933333326     
   9.5800000000000018       -136.95631866666673     
   9.6000000000000014       -137.85600000000005     
   9.6200000000000010       -138.75952133333337     
   9.6400000000000006       -139.66689066666669     
   9.6600000000000001       -140.57811600000002     
   9.6799999999999997       -141.49320533333332     
   9.6999999999999993       -142.41216666666665     
   9.7199999999999989       -143.33500799999996     
   9.7400000000000020       -144.26173733333340     
   9.7600000000000016       -145.19236266666675     
   9.7800000000000011       -146.12689200000005     
   9.8000000000000007       -147.06533333333337     
   9.8200000000000003       -148.00769466666668     
   9.8399999999999999       -148.95398399999999     
   9.8599999999999994       -149.90420933333331     
   9.8799999999999990       -150.85837866666660     
   9.9000000000000021       -151.81650000000010     
   9.9200000000000017       -152.77858133333342     
   9.9400000000000013       -153.74463066666675     
   9.9600000000000009       -154.71465600000002     
   9.9800000000000004       -155.68866533333335     
