  -10.000000000000000       -10.000000000000000     
  -9.9800000000000004       -9.9800000000000004     
  -9.9600000000000009       -9.9600000000000009     
  -9.9399999999999995       -9.9399999999999995     
  -9.9199999999999999       -9.9199999999999999     
  -9.9000000000000004       -9.9000000000000004     
  -9.8800000000000008       -9.8800000000000008     
  -9.8599999999999994       -9.8599999999999994     
  -9.8399999999999999       -9.8399999999999999     
  -9.8200000000000003       -9.8200000000000003     
  -9.8000000000000007       -9.8000000000000007     
  -9.7799999999999994       -9.7799999999999994     
  -9.7599999999999998       -9.7599999999999998     
  -9.7400000000000002       -9.7400000000000002     
  -9.7200000000000006       -9.7200000000000006     
  -9.6999999999999993       -9.6999999999999993     
  -9.6799999999999997       -9.6799999999999997     
  -9.6600000000000001       -9.6600000000000001     
  -9.6400000000000006       -9.6400000000000006     
  -9.6199999999999992       -9.6199999999999992     
  -9.5999999999999996       -9.5999999999999996     
  -9.5800000000000001       -9.5800000000000001     
  -9.5600000000000005       -9.5600000000000005     
  -9.5399999999999991       -9.5399999999999991     
  -9.5199999999999996       -9.5199999999999996     
  -9.5000000000000000       -9.5000000000000000     
  -9.4800000000000004       -9.4800000000000004     
  -9.4600000000000009       -9.4600000000000009     
  -9.4399999999999995       -9.4399999999999995     
  -9.4199999999999999       -9.4199999999999999     
  -9.4000000000000004       -9.4000000000000004     
  -9.3800000000000008       -9.3800000000000008     
  -9.3599999999999994       -9.3599999999999994     
  -9.3399999999999999       -9.3399999999999999     
  -9.3200000000000003       -9.3200000000000003     
  -9.3000000000000007       -9.3000000000000007     
  -9.2799999999999994       -9.2799999999999994     
  -9.2599999999999998       -9.2599999999999998     
  -9.2400000000000002       -9.2400000000000002     
  -9.2200000000000006       -9.2200000000000006     
  -9.1999999999999993       -9.1999999999999993     
  -9.1799999999999997       -9.1799999999999997     
  -9.1600000000000001       -9.1600000000000001     
  -9.1400000000000006       -9.1400000000000006     
  -9.1199999999999992       -9.1199999999999992     
  -9.0999999999999996       -9.0999999999999996     
  -9.0800000000000001       -9.0800000000000001     
  -9.0600000000000005       -9.0600000000000005     
  -9.0399999999999991       -9.0399999999999991     
  -9.0199999999999996       -9.0199999999999996     
  -9.0000000000000000       -9.0000000000000000     
  -8.9800000000000004       -8.9800000000000004     
  -8.9600000000000009       -8.9600000000000009     
  -8.9399999999999995       -8.9399999999999995     
  -8.9199999999999999       -8.9199999999999999     
  -8.9000000000000004       -8.9000000000000004     
  -8.8799999999999990       -8.8799999999999990     
  -8.8599999999999994       -8.8599999999999994     
  -8.8399999999999999       -8.8399999999999999     
  -8.8200000000000003       -8.8200000000000003     
  -8.8000000000000007       -8.8000000000000007     
  -8.7799999999999994       -8.7799999999999994     
  -8.7599999999999998       -8.7599999999999998     
  -8.7400000000000002       -8.7400000000000002     
  -8.7200000000000006       -8.7200000000000006     
  -8.6999999999999993       -8.6999999999999993     
  -8.6799999999999997       -8.6799999999999997     
  -8.6600000000000001       -8.6600000000000001     
  -8.6400000000000006       -8.6400000000000006     
  -8.6199999999999992       -8.6199999999999992     
  -8.5999999999999996       -8.5999999999999996     
  -8.5800000000000001       -8.5800000000000001     
  -8.5600000000000005       -8.5600000000000005     
  -8.5399999999999991       -8.5399999999999991     
  -8.5199999999999996       -8.5199999999999996     
  -8.5000000000000000       -8.5000000000000000     
  -8.4800000000000004       -8.4800000000000004     
  -8.4600000000000009       -8.4600000000000009     
  -8.4399999999999995       -8.4399999999999995     
  -8.4199999999999999       -8.4199999999999999     
  -8.4000000000000004       -8.4000000000000004     
  -8.3799999999999990       -8.3799999999999990     
  -8.3599999999999994       -8.3599999999999994     
  -8.3399999999999999       -8.3399999999999999     
  -8.3200000000000003       -8.3200000000000003     
  -8.3000000000000007       -8.3000000000000007     
  -8.2799999999999994       -8.2799999999999994     
  -8.2599999999999998       -8.2599999999999998     
  -8.2400000000000002       -8.2400000000000002     
  -8.2200000000000006       -8.2200000000000006     
  -8.1999999999999993       -8.1999999999999993     
  -8.1799999999999997       -8.1799999999999997     
  -8.1600000000000001       -8.1600000000000001     
  -8.1400000000000006       -8.1400000000000006     
  -8.1199999999999992       -8.1199999999999992     
  -8.0999999999999996       -8.0999999999999996     
  -8.0800000000000001       -8.0800000000000001     
  -8.0600000000000005       -8.0600000000000005     
  -8.0399999999999991       -8.0399999999999991     
  -8.0199999999999996       -8.0199999999999996     
  -8.0000000000000000       -8.0000000000000000     
  -7.9800000000000004       -7.9800000000000004     
  -7.9600000000000000       -7.9600000000000000     
  -7.9399999999999995       -7.9399999999999995     
  -7.9199999999999999       -7.9199999999999999     
  -7.9000000000000004       -7.9000000000000004     
  -7.8799999999999999       -7.8799999999999999     
  -7.8599999999999994       -7.8599999999999994     
  -7.8399999999999999       -7.8399999999999999     
  -7.8200000000000003       -7.8200000000000003     
  -7.7999999999999998       -7.7999999999999998     
  -7.7799999999999994       -7.7799999999999994     
  -7.7599999999999998       -7.7599999999999998     
  -7.7400000000000002       -7.7400000000000002     
  -7.7199999999999998       -7.7199999999999998     
  -7.6999999999999993       -7.6999999999999993     
  -7.6799999999999997       -7.6799999999999997     
  -7.6600000000000001       -7.6600000000000001     
  -7.6400000000000006       -7.6400000000000006     
  -7.6200000000000001       -7.6200000000000001     
  -7.5999999999999996       -7.5999999999999996     
  -7.5800000000000001       -7.5800000000000001     
  -7.5600000000000005       -7.5600000000000005     
  -7.5400000000000000       -7.5400000000000000     
  -7.5199999999999996       -7.5199999999999996     
  -7.5000000000000000       -7.5000000000000000     
  -7.4800000000000004       -7.4800000000000004     
  -7.4600000000000000       -7.4600000000000000     
  -7.4399999999999995       -7.4399999999999995     
  -7.4199999999999999       -7.4199999999999999     
  -7.4000000000000004       -7.4000000000000004     
  -7.3799999999999999       -7.3799999999999999     
  -7.3599999999999994       -7.3599999999999994     
  -7.3399999999999999       -7.3399999999999999     
  -7.3200000000000003       -7.3200000000000003     
  -7.2999999999999998       -7.2999999999999998     
  -7.2799999999999994       -7.2799999999999994     
  -7.2599999999999998       -7.2599999999999998     
  -7.2400000000000002       -7.2400000000000002     
  -7.2199999999999998       -7.2199999999999998     
  -7.1999999999999993       -7.1999999999999993     
  -7.1799999999999997       -7.1799999999999997     
  -7.1600000000000001       -7.1600000000000001     
  -7.1400000000000006       -7.1400000000000006     
  -7.1200000000000001       -7.1200000000000001     
  -7.0999999999999996       -7.0999999999999996     
  -7.0800000000000001       -7.0800000000000001     
  -7.0600000000000005       -7.0600000000000005     
  -7.0400000000000000       -7.0400000000000000     
  -7.0199999999999996       -7.0199999999999996     
  -7.0000000000000000       -7.0000000000000000     
  -6.9800000000000004       -6.9800000000000004     
  -6.9600000000000000       -6.9600000000000000     
  -6.9399999999999995       -6.9399999999999995     
  -6.9199999999999999       -6.9199999999999999     
  -6.9000000000000004       -6.9000000000000004     
  -6.8799999999999999       -6.8799999999999999     
  -6.8599999999999994       -6.8599999999999994     
  -6.8399999999999999       -6.8399999999999999     
  -6.8200000000000003       -6.8200000000000003     
  -6.7999999999999998       -6.7999999999999998     
  -6.7799999999999994       -6.7799999999999994     
  -6.7599999999999998       -6.7599999999999998     
  -6.7400000000000002       -6.7400000000000002     
  -6.7199999999999998       -6.7199999999999998     
  -6.6999999999999993       -6.6999999999999993     
  -6.6799999999999997       -6.6799999999999997     
  -6.6600000000000001       -6.6600000000000001     
  -6.6400000000000006       -6.6400000000000006     
  -6.6200000000000001       -6.6200000000000001     
  -6.5999999999999996       -6.5999999999999996     
  -6.5800000000000001       -6.5800000000000001     
  -6.5600000000000005       -6.5600000000000005     
  -6.5400000000000000       -6.5400000000000000     
  -6.5199999999999996       -6.5199999999999996     
  -6.5000000000000000       -6.5000000000000000     
  -6.4800000000000004       -6.4800000000000004     
  -6.4600000000000000       -6.4600000000000000     
  -6.4399999999999995       -6.4399999999999995     
  -6.4199999999999999       -6.4199999999999999     
  -6.4000000000000004       -6.4000000000000004     
  -6.3799999999999999       -6.3799999999999999     
  -6.3599999999999994       -6.3599999999999994     
  -6.3399999999999999       -6.3399999999999999     
  -6.3200000000000003       -6.3200000000000003     
  -6.2999999999999998       -6.2999999999999998     
  -6.2799999999999994       -6.2799999999999994     
  -6.2599999999999998       -6.2599999999999998     
  -6.2400000000000002       -6.2400000000000002     
  -6.2199999999999998       -6.2199999999999998     
  -6.1999999999999993       -6.1999999999999993     
  -6.1799999999999997       -6.1799999999999997     
  -6.1600000000000001       -6.1600000000000001     
  -6.1400000000000006       -6.1400000000000006     
  -6.1200000000000001       -6.1200000000000001     
  -6.0999999999999996       -6.0999999999999996     
  -6.0800000000000001       -6.0800000000000001     
  -6.0600000000000005       -6.0600000000000005     
  -6.0400000000000000       -6.0400000000000000     
  -6.0199999999999996       -6.0199999999999996     
  -6.0000000000000000       -6.0000000000000000     
  -5.9799999999999995       -5.9799999999999995     
  -5.9600000000000000       -5.9600000000000000     
  -5.9399999999999995       -5.9399999999999995     
  -5.9199999999999999       -5.9199999999999999     
  -5.9000000000000004       -5.9000000000000004     
  -5.8799999999999999       -5.8799999999999999     
  -5.8600000000000003       -5.8600000000000003     
  -5.8399999999999999       -5.8399999999999999     
  -5.8200000000000003       -5.8200000000000003     
  -5.7999999999999998       -5.7999999999999998     
  -5.7800000000000002       -5.7800000000000002     
  -5.7599999999999998       -5.7599999999999998     
  -5.7400000000000002       -5.7400000000000002     
  -5.7199999999999998       -5.7199999999999998     
  -5.7000000000000002       -5.7000000000000002     
  -5.6799999999999997       -5.6799999999999997     
  -5.6600000000000001       -5.6600000000000001     
  -5.6399999999999997       -5.6399999999999997     
  -5.6200000000000001       -5.6200000000000001     
  -5.5999999999999996       -5.5999999999999996     
  -5.5800000000000001       -5.5800000000000001     
  -5.5599999999999996       -5.5599999999999996     
  -5.5400000000000000       -5.5400000000000000     
  -5.5199999999999996       -5.5199999999999996     
  -5.5000000000000000       -5.5000000000000000     
  -5.4799999999999995       -5.4799999999999995     
  -5.4600000000000000       -5.4600000000000000     
  -5.4399999999999995       -5.4399999999999995     
  -5.4199999999999999       -5.4199999999999999     
  -5.3999999999999995       -5.3999999999999995     
  -5.3799999999999999       -5.3799999999999999     
  -5.3600000000000003       -5.3600000000000003     
  -5.3399999999999999       -5.3399999999999999     
  -5.3200000000000003       -5.3200000000000003     
  -5.2999999999999998       -5.2999999999999998     
  -5.2800000000000002       -5.2800000000000002     
  -5.2599999999999998       -5.2599999999999998     
  -5.2400000000000002       -5.2400000000000002     
  -5.2199999999999998       -5.2199999999999998     
  -5.2000000000000002       -5.2000000000000002     
  -5.1799999999999997       -5.1799999999999997     
  -5.1600000000000001       -5.1600000000000001     
  -5.1399999999999997       -5.1399999999999997     
  -5.1200000000000001       -5.1200000000000001     
  -5.0999999999999996       -5.0999999999999996     
  -5.0800000000000001       -5.0800000000000001     
  -5.0599999999999996       -5.0599999999999996     
  -5.0400000000000000       -5.0400000000000000     
  -5.0199999999999996       -5.0199999999999996     
  -5.0000000000000000       -5.0000000000000000     
  -4.9799999999999995       -4.9799999999999995     
  -4.9600000000000000       -4.9600000000000000     
  -4.9399999999999995       -4.9399999999999995     
  -4.9199999999999999       -4.9199999999999999     
  -4.8999999999999995       -4.8999999999999995     
  -4.8799999999999999       -4.8799999999999999     
  -4.8600000000000003       -4.8600000000000003     
  -4.8399999999999999       -4.8399999999999999     
  -4.8200000000000003       -4.8200000000000003     
  -4.7999999999999998       -4.7999999999999998     
  -4.7800000000000002       -4.7800000000000002     
  -4.7599999999999998       -4.7599999999999998     
  -4.7400000000000002       -4.7400000000000002     
  -4.7199999999999998       -4.7199999999999998     
  -4.7000000000000002       -4.7000000000000002     
  -4.6799999999999997       -4.6799999999999997     
  -4.6600000000000001       -4.6600000000000001     
  -4.6399999999999997       -4.6399999999999997     
  -4.6200000000000001       -4.6200000000000001     
  -4.5999999999999996       -4.5999999999999996     
  -4.5800000000000001       -4.5800000000000001     
  -4.5599999999999996       -4.5599999999999996     
  -4.5400000000000000       -4.5400000000000000     
  -4.5199999999999996       -4.5199999999999996     
  -4.5000000000000000       -4.5000000000000000     
  -4.4799999999999995       -4.4799999999999995     
  -4.4600000000000000       -4.4600000000000000     
  -4.4399999999999995       -4.4399999999999995     
  -4.4199999999999999       -4.4199999999999999     
  -4.3999999999999995       -4.3999999999999995     
  -4.3799999999999999       -4.3799999999999999     
  -4.3600000000000003       -4.3600000000000003     
  -4.3399999999999999       -4.3399999999999999     
  -4.3200000000000003       -4.3200000000000003     
  -4.2999999999999998       -4.2999999999999998     
  -4.2800000000000002       -4.2800000000000002     
  -4.2599999999999998       -4.2599999999999998     
  -4.2400000000000002       -4.2400000000000002     
  -4.2199999999999998       -4.2199999999999998     
  -4.2000000000000002       -4.2000000000000002     
  -4.1799999999999997       -4.1799999999999997     
  -4.1600000000000001       -4.1600000000000001     
  -4.1399999999999997       -4.1399999999999997     
  -4.1200000000000001       -4.1200000000000001     
  -4.0999999999999996       -4.0999999999999996     
  -4.0800000000000001       -4.0800000000000001     
  -4.0599999999999996       -4.0599999999999996     
  -4.0400000000000000       -4.0400000000000000     
  -4.0199999999999996       -4.0199999999999996     
  -4.0000000000000000       -4.0000000000000000     
  -3.9799999999999995       -3.9799999999999995     
  -3.9600000000000000       -3.9600000000000000     
  -3.9399999999999995       -3.9399999999999995     
  -3.9199999999999999       -3.9199999999999999     
  -3.8999999999999995       -3.8999999999999995     
  -3.8799999999999999       -3.8799999999999999     
  -3.8599999999999994       -3.8599999999999994     
  -3.8399999999999999       -3.8399999999999999     
  -3.8200000000000003       -3.8200000000000003     
  -3.7999999999999998       -3.7999999999999998     
  -3.7800000000000002       -3.7800000000000002     
  -3.7599999999999998       -3.7599999999999998     
  -3.7400000000000002       -3.7400000000000002     
  -3.7199999999999998       -3.7199999999999998     
  -3.7000000000000002       -3.7000000000000002     
  -3.6799999999999997       -3.6799999999999997     
  -3.6600000000000001       -3.6600000000000001     
  -3.6399999999999997       -3.6399999999999997     
  -3.6200000000000001       -3.6200000000000001     
  -3.5999999999999996       -3.5999999999999996     
  -3.5800000000000001       -3.5800000000000001     
  -3.5599999999999996       -3.5599999999999996     
  -3.5400000000000000       -3.5400000000000000     
  -3.5199999999999996       -3.5199999999999996     
  -3.5000000000000000       -3.5000000000000000     
  -3.4799999999999995       -3.4799999999999995     
  -3.4600000000000000       -3.4600000000000000     
  -3.4399999999999995       -3.4399999999999995     
  -3.4199999999999999       -3.4199999999999999     
  -3.3999999999999995       -3.3999999999999995     
  -3.3799999999999999       -3.3799999999999999     
  -3.3599999999999994       -3.3599999999999994     
  -3.3399999999999999       -3.3399999999999999     
  -3.3200000000000003       -3.3200000000000003     
  -3.2999999999999998       -3.2999999999999998     
  -3.2800000000000002       -3.2800000000000002     
  -3.2599999999999998       -3.2599999999999998     
  -3.2400000000000002       -3.2400000000000002     
  -3.2199999999999998       -3.2199999999999998     
  -3.2000000000000002       -3.2000000000000002     
  -3.1799999999999997       -3.1799999999999997     
  -3.1600000000000001       -3.1600000000000001     
  -3.1399999999999997       -3.1399999999999997     
  -3.1200000000000001       -3.1200000000000001     
  -3.0999999999999996       -3.0999999999999996     
  -3.0800000000000001       -3.0800000000000001     
  -3.0599999999999996       -3.0599999999999996     
  -3.0400000000000000       -3.0400000000000000     
  -3.0199999999999996       -3.0199999999999996     
  -3.0000000000000000       -3.0000000000000000     
  -2.9799999999999995       -2.9799999999999995     
  -2.9600000000000000       -2.9600000000000000     
  -2.9399999999999995       -2.9399999999999995     
  -2.9199999999999999       -2.9199999999999999     
  -2.8999999999999995       -2.8999999999999995     
  -2.8799999999999999       -2.8799999999999999     
  -2.8599999999999994       -2.8599999999999994     
  -2.8399999999999999       -2.8399999999999999     
  -2.8200000000000003       -2.8200000000000003     
  -2.7999999999999998       -2.7999999999999998     
  -2.7800000000000002       -2.7800000000000002     
  -2.7599999999999998       -2.7599999999999998     
  -2.7400000000000002       -2.7400000000000002     
  -2.7199999999999998       -2.7199999999999998     
  -2.7000000000000002       -2.7000000000000002     
  -2.6799999999999997       -2.6799999999999997     
  -2.6600000000000001       -2.6600000000000001     
  -2.6399999999999997       -2.6399999999999997     
  -2.6200000000000001       -2.6200000000000001     
  -2.5999999999999996       -2.5999999999999996     
  -2.5800000000000001       -2.5800000000000001     
  -2.5599999999999996       -2.5599999999999996     
  -2.5400000000000000       -2.5400000000000000     
  -2.5199999999999996       -2.5199999999999996     
  -2.5000000000000000       -2.5000000000000000     
  -2.4799999999999995       -2.4799999999999995     
  -2.4600000000000000       -2.4600000000000000     
  -2.4399999999999995       -2.4399999999999995     
  -2.4199999999999999       -2.4199999999999999     
  -2.3999999999999995       -2.3999999999999995     
  -2.3799999999999999       -2.3799999999999999     
  -2.3599999999999994       -2.3599999999999994     
  -2.3399999999999999       -2.3399999999999999     
  -2.3200000000000003       -2.3200000000000003     
  -2.2999999999999998       -2.2999999999999998     
  -2.2800000000000002       -2.2800000000000002     
  -2.2599999999999998       -2.2599999999999998     
  -2.2400000000000002       -2.2400000000000002     
  -2.2199999999999998       -2.2199999999999998     
  -2.2000000000000002       -2.2000000000000002     
  -2.1799999999999997       -2.1799999999999997     
  -2.1600000000000001       -2.1600000000000001     
  -2.1399999999999997       -2.1399999999999997     
  -2.1200000000000001       -2.1200000000000001     
  -2.0999999999999996       -2.0999999999999996     
  -2.0800000000000001       -2.0800000000000001     
  -2.0599999999999996       -2.0599999999999996     
  -2.0400000000000000       -2.0400000000000000     
  -2.0199999999999996       -2.0199999999999996     
  -2.0000000000000000       -2.0000000000000000     
  -1.9800000000000004       -1.9800000000000004     
  -1.9599999999999991       -1.9599999999999991     
  -1.9399999999999995       -1.9399999999999995     
  -1.9199999999999999       -1.9199999999999999     
  -1.9000000000000004       -1.9000000000000004     
  -1.8799999999999990       -1.8799999999999990     
  -1.8599999999999994       -1.8599999999999994     
  -1.8399999999999999       -1.8399999999999999     
  -1.8200000000000003       -1.8200000000000003     
  -1.8000000000000007       -1.8000000000000007     
  -1.7799999999999994       -1.7799999999999994     
  -1.7599999999999998       -1.7599999999999998     
  -1.7400000000000002       -1.7400000000000002     
  -1.7200000000000006       -1.7200000000000006     
  -1.6999999999999993       -1.6999999999999993     
  -1.6799999999999997       -1.6799999999999997     
  -1.6600000000000001       -1.6600000000000001     
  -1.6400000000000006       -1.6400000000000006     
  -1.6199999999999992       -1.6199999999999992     
  -1.5999999999999996       -1.5999999999999996     
  -1.5800000000000001       -1.5800000000000001     
  -1.5600000000000005       -1.5600000000000005     
  -1.5399999999999991       -1.5399999999999991     
  -1.5199999999999996       -1.5199999999999996     
  -1.5000000000000000       -1.5000000000000000     
  -1.4800000000000004       -1.4800000000000004     
  -1.4599999999999991       -1.4599999999999991     
  -1.4399999999999995       -1.4399999999999995     
  -1.4199999999999999       -1.4199999999999999     
  -1.4000000000000004       -1.4000000000000004     
  -1.3799999999999990       -1.3799999999999990     
  -1.3599999999999994       -1.3599999999999994     
  -1.3399999999999999       -1.3399999999999999     
  -1.3200000000000003       -1.3200000000000003     
  -1.2999999999999989       -1.2999999999999989     
  -1.2799999999999994       -1.2799999999999994     
  -1.2599999999999998       -1.2599999999999998     
  -1.2400000000000002       -1.2400000000000002     
  -1.2200000000000006       -1.2200000000000006     
  -1.1999999999999993       -1.1999999999999993     
  -1.1799999999999997       -1.1799999999999997     
  -1.1600000000000001       -1.1600000000000001     
  -1.1400000000000006       -1.1400000000000006     
  -1.1199999999999992       -1.1199999999999992     
  -1.0999999999999996       -1.0999999999999996     
  -1.0800000000000001       -1.0800000000000001     
  -1.0600000000000005       -1.0600000000000005     
  -1.0399999999999991       -1.0399999999999991     
  -1.0199999999999996       -1.0199999999999996     
  -1.0000000000000000       -1.0000000000000000     
 -0.98000000000000043      -0.98000000000000043     
 -0.95999999999999908      -0.95999999999999908     
 -0.93999999999999950      -0.93999999999999950     
 -0.91999999999999993      -0.91999999999999993     
 -0.90000000000000036      -0.90000000000000036     
 -0.87999999999999901      -0.87999999999999901     
 -0.85999999999999943      -0.85999999999999943     
 -0.83999999999999986      -0.83999999999999986     
 -0.82000000000000028      -0.82000000000000028     
 -0.79999999999999893      -0.79999999999999893     
 -0.77999999999999936      -0.77999999999999936     
 -0.75999999999999979      -0.75999999999999979     
 -0.74000000000000021      -0.74000000000000021     
 -0.72000000000000064      -0.72000000000000064     
 -0.69999999999999929      -0.69999999999999929     
 -0.67999999999999972      -0.67999999999999972     
 -0.66000000000000014      -0.66000000000000014     
 -0.64000000000000057      -0.64000000000000057     
 -0.61999999999999922      -0.61999999999999922     
 -0.59999999999999964      -0.59999999999999964     
 -0.58000000000000007      -0.58000000000000007     
 -0.56000000000000050      -0.56000000000000050     
 -0.53999999999999915      -0.53999999999999915     
 -0.51999999999999957      -0.51999999999999957     
 -0.50000000000000000      -0.50000000000000000     
 -0.48000000000000043      -0.48000000000000043     
 -0.45999999999999908      -0.45999999999999908     
 -0.43999999999999950      -0.43999999999999950     
 -0.41999999999999993      -0.41999999999999993     
 -0.40000000000000036      -0.40000000000000036     
 -0.37999999999999901      -0.37999999999999901     
 -0.35999999999999943      -0.35999999999999943     
 -0.33999999999999986      -0.33999999999999986     
 -0.32000000000000028      -0.32000000000000028     
 -0.29999999999999893      -0.29999999999999893     
 -0.27999999999999936      -0.27999999999999936     
 -0.25999999999999979      -0.25999999999999979     
 -0.24000000000000021      -0.24000000000000021     
 -0.22000000000000064      -0.22000000000000064     
 -0.19999999999999929      -0.19999999999999929     
 -0.17999999999999972      -0.17999999999999972     
 -0.16000000000000014      -0.16000000000000014     
 -0.14000000000000057      -0.14000000000000057     
 -0.11999999999999922      -0.11999999999999922     
  -9.9999999999999645E-002  -9.9999999999999645E-002
  -8.0000000000000071E-002  -8.0000000000000071E-002
  -6.0000000000000497E-002  -6.0000000000000497E-002
  -3.9999999999999147E-002  -3.9999999999999147E-002
  -1.9999999999999574E-002  -1.9999999999999574E-002
   0.0000000000000000        0.0000000000000000     
   1.9999999999999574E-002   1.9999999999999574E-002
   4.0000000000000924E-002   4.0000000000000924E-002
   6.0000000000000497E-002   6.0000000000000497E-002
   8.0000000000000071E-002   8.0000000000000071E-002
   9.9999999999999645E-002   9.9999999999999645E-002
  0.12000000000000099       0.12000000000000099     
  0.14000000000000057       0.14000000000000057     
  0.16000000000000014       0.16000000000000014     
  0.17999999999999972       0.17999999999999972     
  0.20000000000000107       0.20000000000000107     
  0.22000000000000064       0.22000000000000064     
  0.24000000000000021       0.24000000000000021     
  0.25999999999999979       0.25999999999999979     
  0.27999999999999936       0.27999999999999936     
  0.30000000000000071       0.30000000000000071     
  0.32000000000000028       0.32000000000000028     
  0.33999999999999986       0.33999999999999986     
  0.35999999999999943       0.35999999999999943     
  0.38000000000000078       0.38000000000000078     
  0.40000000000000036       0.40000000000000036     
  0.41999999999999993       0.41999999999999993     
  0.43999999999999950       0.43999999999999950     
  0.46000000000000085       0.46000000000000085     
  0.48000000000000043       0.48000000000000043     
  0.50000000000000000       0.50000000000000000     
  0.51999999999999957       0.51999999999999957     
  0.54000000000000092       0.54000000000000092     
  0.56000000000000050       0.56000000000000050     
  0.58000000000000007       0.58000000000000007     
  0.59999999999999964       0.59999999999999964     
  0.62000000000000099       0.62000000000000099     
  0.64000000000000057       0.64000000000000057     
  0.66000000000000014       0.66000000000000014     
  0.67999999999999972       0.67999999999999972     
  0.70000000000000107       0.70000000000000107     
  0.72000000000000064       0.72000000000000064     
  0.74000000000000021       0.74000000000000021     
  0.75999999999999979       0.75999999999999979     
  0.77999999999999936       0.77999999999999936     
  0.80000000000000071       0.80000000000000071     
  0.82000000000000028       0.82000000000000028     
  0.83999999999999986       0.83999999999999986     
  0.85999999999999943       0.85999999999999943     
  0.88000000000000078       0.88000000000000078     
  0.90000000000000036       0.90000000000000036     
  0.91999999999999993       0.91999999999999993     
  0.93999999999999950       0.93999999999999950     
  0.96000000000000085       0.96000000000000085     
  0.98000000000000043       0.98000000000000043     
   1.0000000000000000        1.0000000000000000     
   1.0199999999999996        1.0199999999999996     
   1.0400000000000009        1.0400000000000009     
   1.0600000000000005        1.0600000000000005     
   1.0800000000000001        1.0800000000000001     
   1.0999999999999996        1.0999999999999996     
   1.1200000000000010        1.1200000000000010     
   1.1400000000000006        1.1400000000000006     
   1.1600000000000001        1.1600000000000001     
   1.1799999999999997        1.1799999999999997     
   1.2000000000000011        1.2000000000000011     
   1.2200000000000006        1.2200000000000006     
   1.2400000000000002        1.2400000000000002     
   1.2599999999999998        1.2599999999999998     
   1.2799999999999994        1.2799999999999994     
   1.3000000000000007        1.3000000000000007     
   1.3200000000000003        1.3200000000000003     
   1.3399999999999999        1.3399999999999999     
   1.3599999999999994        1.3599999999999994     
   1.3800000000000008        1.3800000000000008     
   1.4000000000000004        1.4000000000000004     
   1.4199999999999999        1.4199999999999999     
   1.4399999999999995        1.4399999999999995     
   1.4600000000000009        1.4600000000000009     
   1.4800000000000004        1.4800000000000004     
   1.5000000000000000        1.5000000000000000     
   1.5199999999999996        1.5199999999999996     
   1.5400000000000009        1.5400000000000009     
   1.5600000000000005        1.5600000000000005     
   1.5800000000000001        1.5800000000000001     
   1.5999999999999996        1.5999999999999996     
   1.6200000000000010        1.6200000000000010     
   1.6400000000000006        1.6400000000000006     
   1.6600000000000001        1.6600000000000001     
   1.6799999999999997        1.6799999999999997     
   1.7000000000000011        1.7000000000000011     
   1.7200000000000006        1.7200000000000006     
   1.7400000000000002        1.7400000000000002     
   1.7599999999999998        1.7599999999999998     
   1.7799999999999994        1.7799999999999994     
   1.8000000000000007        1.8000000000000007     
   1.8200000000000003        1.8200000000000003     
   1.8399999999999999        1.8399999999999999     
   1.8599999999999994        1.8599999999999994     
   1.8800000000000008        1.8800000000000008     
   1.9000000000000004        1.9000000000000004     
   1.9199999999999999        1.9199999999999999     
   1.9399999999999995        1.9399999999999995     
   1.9600000000000009        1.9600000000000009     
   1.9800000000000004        1.9800000000000004     
   2.0000000000000000        2.0000000000000000     
   2.0199999999999996        2.0199999999999996     
   2.0400000000000009        2.0400000000000009     
   2.0600000000000005        2.0600000000000005     
   2.0800000000000001        2.0800000000000001     
   2.0999999999999996        2.0999999999999996     
   2.1200000000000010        2.1200000000000010     
   2.1400000000000006        2.1400000000000006     
   2.1600000000000001        2.1600000000000001     
   2.1799999999999997        2.1799999999999997     
   2.2000000000000011        2.2000000000000011     
   2.2200000000000006        2.2200000000000006     
   2.2400000000000002        2.2400000000000002     
   2.2599999999999998        2.2599999999999998     
   2.2800000000000011        2.2800000000000011     
   2.3000000000000007        2.3000000000000007     
   2.3200000000000003        2.3200000000000003     
   2.3399999999999999        2.3399999999999999     
   2.3599999999999994        2.3599999999999994     
   2.3800000000000008        2.3800000000000008     
   2.4000000000000004        2.4000000000000004     
   2.4199999999999999        2.4199999999999999     
   2.4399999999999995        2.4399999999999995     
   2.4600000000000009        2.4600000000000009     
   2.4800000000000004        2.4800000000000004     
   2.5000000000000000        2.5000000000000000     
   2.5199999999999996        2.5199999999999996     
   2.5400000000000009        2.5400000000000009     
   2.5600000000000005        2.5600000000000005     
   2.5800000000000001        2.5800000000000001     
   2.5999999999999996        2.5999999999999996     
   2.6200000000000010        2.6200000000000010     
   2.6400000000000006        2.6400000000000006     
   2.6600000000000001        2.6600000000000001     
   2.6799999999999997        2.6799999999999997     
   2.7000000000000011        2.7000000000000011     
   2.7200000000000006        2.7200000000000006     
   2.7400000000000002        2.7400000000000002     
   2.7599999999999998        2.7599999999999998     
   2.7800000000000011        2.7800000000000011     
   2.8000000000000007        2.8000000000000007     
   2.8200000000000003        2.8200000000000003     
   2.8399999999999999        2.8399999999999999     
   2.8599999999999994        2.8599999999999994     
   2.8800000000000008        2.8800000000000008     
   2.9000000000000004        2.9000000000000004     
   2.9199999999999999        2.9199999999999999     
   2.9399999999999995        2.9399999999999995     
   2.9600000000000009        2.9600000000000009     
   2.9800000000000004        2.9800000000000004     
   3.0000000000000000        3.0000000000000000     
   3.0199999999999996        3.0199999999999996     
   3.0400000000000009        3.0400000000000009     
   3.0600000000000005        3.0600000000000005     
   3.0800000000000001        3.0800000000000001     
   3.0999999999999996        3.0999999999999996     
   3.1200000000000010        3.1200000000000010     
   3.1400000000000006        3.1400000000000006     
   3.1600000000000001        3.1600000000000001     
   3.1799999999999997        3.1799999999999997     
   3.2000000000000011        3.2000000000000011     
   3.2200000000000006        3.2200000000000006     
   3.2400000000000002        3.2400000000000002     
   3.2599999999999998        3.2599999999999998     
   3.2800000000000011        3.2800000000000011     
   3.3000000000000007        3.3000000000000007     
   3.3200000000000003        3.3200000000000003     
   3.3399999999999999        3.3399999999999999     
   3.3599999999999994        3.3599999999999994     
   3.3800000000000008        3.3800000000000008     
   3.4000000000000004        3.4000000000000004     
   3.4199999999999999        3.4199999999999999     
   3.4399999999999995        3.4399999999999995     
   3.4600000000000009        3.4600000000000009     
   3.4800000000000004        3.4800000000000004     
   3.5000000000000000        3.5000000000000000     
   3.5199999999999996        3.5199999999999996     
   3.5400000000000009        3.5400000000000009     
   3.5600000000000005        3.5600000000000005     
   3.5800000000000001        3.5800000000000001     
   3.5999999999999996        3.5999999999999996     
   3.6200000000000010        3.6200000000000010     
   3.6400000000000006        3.6400000000000006     
   3.6600000000000001        3.6600000000000001     
   3.6799999999999997        3.6799999999999997     
   3.7000000000000011        3.7000000000000011     
   3.7200000000000006        3.7200000000000006     
   3.7400000000000002        3.7400000000000002     
   3.7599999999999998        3.7599999999999998     
   3.7800000000000011        3.7800000000000011     
   3.8000000000000007        3.8000000000000007     
   3.8200000000000003        3.8200000000000003     
   3.8399999999999999        3.8399999999999999     
   3.8599999999999994        3.8599999999999994     
   3.8800000000000008        3.8800000000000008     
   3.9000000000000004        3.9000000000000004     
   3.9199999999999999        3.9199999999999999     
   3.9399999999999995        3.9399999999999995     
   3.9600000000000009        3.9600000000000009     
   3.9800000000000004        3.9800000000000004     
   4.0000000000000000        4.0000000000000000     
   4.0199999999999996        4.0199999999999996     
   4.0400000000000009        4.0400000000000009     
   4.0600000000000005        4.0600000000000005     
   4.0800000000000001        4.0800000000000001     
   4.0999999999999996        4.0999999999999996     
   4.1200000000000010        4.1200000000000010     
   4.1400000000000006        4.1400000000000006     
   4.1600000000000001        4.1600000000000001     
   4.1799999999999997        4.1799999999999997     
   4.2000000000000011        4.2000000000000011     
   4.2200000000000006        4.2200000000000006     
   4.2400000000000002        4.2400000000000002     
   4.2599999999999998        4.2599999999999998     
   4.2800000000000011        4.2800000000000011     
   4.3000000000000007        4.3000000000000007     
   4.3200000000000003        4.3200000000000003     
   4.3399999999999999        4.3399999999999999     
   4.3599999999999994        4.3599999999999994     
   4.3800000000000008        4.3800000000000008     
   4.4000000000000004        4.4000000000000004     
   4.4199999999999999        4.4199999999999999     
   4.4399999999999995        4.4399999999999995     
   4.4600000000000009        4.4600000000000009     
   4.4800000000000004        4.4800000000000004     
   4.5000000000000000        4.5000000000000000     
   4.5199999999999996        4.5199999999999996     
   4.5400000000000009        4.5400000000000009     
   4.5600000000000005        4.5600000000000005     
   4.5800000000000001        4.5800000000000001     
   4.5999999999999996        4.5999999999999996     
   4.6200000000000010        4.6200000000000010     
   4.6400000000000006        4.6400000000000006     
   4.6600000000000001        4.6600000000000001     
   4.6799999999999997        4.6799999999999997     
   4.7000000000000011        4.7000000000000011     
   4.7200000000000006        4.7200000000000006     
   4.7400000000000002        4.7400000000000002     
   4.7599999999999998        4.7599999999999998     
   4.7800000000000011        4.7800000000000011     
   4.8000000000000007        4.8000000000000007     
   4.8200000000000003        4.8200000000000003     
   4.8399999999999999        4.8399999999999999     
   4.8599999999999994        4.8599999999999994     
   4.8800000000000008        4.8800000000000008     
   4.9000000000000004        4.9000000000000004     
   4.9199999999999999        4.9199999999999999     
   4.9399999999999995        4.9399999999999995     
   4.9600000000000009        4.9600000000000009     
   4.9800000000000004        4.9800000000000004     
   5.0000000000000000        5.0000000000000000     
   5.0199999999999996        5.0199999999999996     
   5.0400000000000009        5.0400000000000009     
   5.0600000000000005        5.0600000000000005     
   5.0800000000000001        5.0800000000000001     
   5.0999999999999996        5.0999999999999996     
   5.1200000000000010        5.1200000000000010     
   5.1400000000000006        5.1400000000000006     
   5.1600000000000001        5.1600000000000001     
   5.1799999999999997        5.1799999999999997     
   5.2000000000000011        5.2000000000000011     
   5.2200000000000006        5.2200000000000006     
   5.2400000000000002        5.2400000000000002     
   5.2599999999999998        5.2599999999999998     
   5.2800000000000011        5.2800000000000011     
   5.3000000000000007        5.3000000000000007     
   5.3200000000000003        5.3200000000000003     
   5.3399999999999999        5.3399999999999999     
   5.3599999999999994        5.3599999999999994     
   5.3800000000000008        5.3800000000000008     
   5.4000000000000004        5.4000000000000004     
   5.4199999999999999        5.4199999999999999     
   5.4399999999999995        5.4399999999999995     
   5.4600000000000009        5.4600000000000009     
   5.4800000000000004        5.4800000000000004     
   5.5000000000000000        5.5000000000000000     
   5.5199999999999996        5.5199999999999996     
   5.5400000000000009        5.5400000000000009     
   5.5600000000000005        5.5600000000000005     
   5.5800000000000001        5.5800000000000001     
   5.5999999999999996        5.5999999999999996     
   5.6200000000000010        5.6200000000000010     
   5.6400000000000006        5.6400000000000006     
   5.6600000000000001        5.6600000000000001     
   5.6799999999999997        5.6799999999999997     
   5.7000000000000011        5.7000000000000011     
   5.7200000000000006        5.7200000000000006     
   5.7400000000000002        5.7400000000000002     
   5.7599999999999998        5.7599999999999998     
   5.7800000000000011        5.7800000000000011     
   5.8000000000000007        5.8000000000000007     
   5.8200000000000003        5.8200000000000003     
   5.8399999999999999        5.8399999999999999     
   5.8600000000000012        5.8600000000000012     
   5.8800000000000008        5.8800000000000008     
   5.9000000000000004        5.9000000000000004     
   5.9199999999999999        5.9199999999999999     
   5.9399999999999995        5.9399999999999995     
   5.9600000000000009        5.9600000000000009     
   5.9800000000000004        5.9800000000000004     
   6.0000000000000000        6.0000000000000000     
   6.0199999999999996        6.0199999999999996     
   6.0399999999999991        6.0399999999999991     
   6.0599999999999987        6.0599999999999987     
   6.0800000000000018        6.0800000000000018     
   6.1000000000000014        6.1000000000000014     
   6.1200000000000010        6.1200000000000010     
   6.1400000000000006        6.1400000000000006     
   6.1600000000000001        6.1600000000000001     
   6.1799999999999997        6.1799999999999997     
   6.1999999999999993        6.1999999999999993     
   6.2199999999999989        6.2199999999999989     
   6.2400000000000020        6.2400000000000020     
   6.2600000000000016        6.2600000000000016     
   6.2800000000000011        6.2800000000000011     
   6.3000000000000007        6.3000000000000007     
   6.3200000000000003        6.3200000000000003     
   6.3399999999999999        6.3399999999999999     
   6.3599999999999994        6.3599999999999994     
   6.3799999999999990        6.3799999999999990     
   6.3999999999999986        6.3999999999999986     
   6.4200000000000017        6.4200000000000017     
   6.4400000000000013        6.4400000000000013     
   6.4600000000000009        6.4600000000000009     
   6.4800000000000004        6.4800000000000004     
   6.5000000000000000        6.5000000000000000     
   6.5199999999999996        6.5199999999999996     
   6.5399999999999991        6.5399999999999991     
   6.5599999999999987        6.5599999999999987     
   6.5800000000000018        6.5800000000000018     
   6.6000000000000014        6.6000000000000014     
   6.6200000000000010        6.6200000000000010     
   6.6400000000000006        6.6400000000000006     
   6.6600000000000001        6.6600000000000001     
   6.6799999999999997        6.6799999999999997     
   6.6999999999999993        6.6999999999999993     
   6.7199999999999989        6.7199999999999989     
   6.7400000000000020        6.7400000000000020     
   6.7600000000000016        6.7600000000000016     
   6.7800000000000011        6.7800000000000011     
   6.8000000000000007        6.8000000000000007     
   6.8200000000000003        6.8200000000000003     
   6.8399999999999999        6.8399999999999999     
   6.8599999999999994        6.8599999999999994     
   6.8799999999999990        6.8799999999999990     
   6.8999999999999986        6.8999999999999986     
   6.9200000000000017        6.9200000000000017     
   6.9400000000000013        6.9400000000000013     
   6.9600000000000009        6.9600000000000009     
   6.9800000000000004        6.9800000000000004     
   7.0000000000000000        7.0000000000000000     
   7.0199999999999996        7.0199999999999996     
   7.0399999999999991        7.0399999999999991     
   7.0599999999999987        7.0599999999999987     
   7.0800000000000018        7.0800000000000018     
   7.1000000000000014        7.1000000000000014     
   7.1200000000000010        7.1200000000000010     
   7.1400000000000006        7.1400000000000006     
   7.1600000000000001        7.1600000000000001     
   7.1799999999999997        7.1799999999999997     
   7.1999999999999993        7.1999999999999993     
   7.2199999999999989        7.2199999999999989     
   7.2400000000000020        7.2400000000000020     
   7.2600000000000016        7.2600000000000016     
   7.2800000000000011        7.2800000000000011     
   7.3000000000000007        7.3000000000000007     
   7.3200000000000003        7.3200000000000003     
   7.3399999999999999        7.3399999999999999     
   7.3599999999999994        7.3599999999999994     
   7.3799999999999990        7.3799999999999990     
   7.4000000000000021        7.4000000000000021     
   7.4200000000000017        7.4200000000000017     
   7.4400000000000013        7.4400000000000013     
   7.4600000000000009        7.4600000000000009     
   7.4800000000000004        7.4800000000000004     
   7.5000000000000000        7.5000000000000000     
   7.5199999999999996        7.5199999999999996     
   7.5399999999999991        7.5399999999999991     
   7.5599999999999987        7.5599999999999987     
   7.5800000000000018        7.5800000000000018     
   7.6000000000000014        7.6000000000000014     
   7.6200000000000010        7.6200000000000010     
   7.6400000000000006        7.6400000000000006     
   7.6600000000000001        7.6600000000000001     
   7.6799999999999997        7.6799999999999997     
   7.6999999999999993        7.6999999999999993     
   7.7199999999999989        7.7199999999999989     
   7.7400000000000020        7.7400000000000020     
   7.7600000000000016        7.7600000000000016     
   7.7800000000000011        7.7800000000000011     
   7.8000000000000007        7.8000000000000007     
   7.8200000000000003        7.8200000000000003     
   7.8399999999999999        7.8399999999999999     
   7.8599999999999994        7.8599999999999994     
   7.8799999999999990        7.8799999999999990     
   7.9000000000000021        7.9000000000000021     
   7.9200000000000017        7.9200000000000017     
   7.9400000000000013        7.9400000000000013     
   7.9600000000000009        7.9600000000000009     
   7.9800000000000004        7.9800000000000004     
   8.0000000000000000        8.0000000000000000     
   8.0199999999999996        8.0199999999999996     
   8.0399999999999991        8.0399999999999991     
   8.0599999999999987        8.0599999999999987     
   8.0800000000000018        8.0800000000000018     
   8.1000000000000014        8.1000000000000014     
   8.1200000000000010        8.1200000000000010     
   8.1400000000000006        8.1400000000000006     
   8.1600000000000001        8.1600000000000001     
   8.1799999999999997        8.1799999999999997     
   8.1999999999999993        8.1999999999999993     
   8.2199999999999989        8.2199999999999989     
   8.2400000000000020        8.2400000000000020     
   8.2600000000000016        8.2600000000000016     
   8.2800000000000011        8.2800000000000011     
   8.3000000000000007        8.3000000000000007     
   8.3200000000000003        8.3200000000000003     
   8.3399999999999999        8.3399999999999999     
   8.3599999999999994        8.3599999999999994     
   8.3799999999999990        8.3799999999999990     
   8.4000000000000021        8.4000000000000021     
   8.4200000000000017        8.4200000000000017     
   8.4400000000000013        8.4400000000000013     
   8.4600000000000009        8.4600000000000009     
   8.4800000000000004        8.4800000000000004     
   8.5000000000000000        8.5000000000000000     
   8.5199999999999996        8.5199999999999996     
   8.5399999999999991        8.5399999999999991     
   8.5599999999999987        8.5599999999999987     
   8.5800000000000018        8.5800000000000018     
   8.6000000000000014        8.6000000000000014     
   8.6200000000000010        8.6200000000000010     
   8.6400000000000006        8.6400000000000006     
   8.6600000000000001        8.6600000000000001     
   8.6799999999999997        8.6799999999999997     
   8.6999999999999993        8.6999999999999993     
   8.7199999999999989        8.7199999999999989     
   8.7400000000000020        8.7400000000000020     
   8.7600000000000016        8.7600000000000016     
   8.7800000000000011        8.7800000000000011     
   8.8000000000000007        8.8000000000000007     
   8.8200000000000003        8.8200000000000003     
   8.8399999999999999        8.8399999999999999     
   8.8599999999999994        8.8599999999999994     
   8.8799999999999990        8.8799999999999990     
   8.9000000000000021        8.9000000000000021     
   8.9200000000000017        8.9200000000000017     
   8.9400000000000013        8.9400000000000013     
   8.9600000000000009        8.9600000000000009     
   8.9800000000000004        8.9800000000000004     
   9.0000000000000000        9.0000000000000000     
   9.0199999999999996        9.0199999999999996     
   9.0399999999999991        9.0399999999999991     
   9.0599999999999987        9.0599999999999987     
   9.0800000000000018        9.0800000000000018     
   9.1000000000000014        9.1000000000000014     
   9.1200000000000010        9.1200000000000010     
   9.1400000000000006        9.1400000000000006     
   9.1600000000000001        9.1600000000000001     
   9.1799999999999997        9.1799999999999997     
   9.1999999999999993        9.1999999999999993     
   9.2199999999999989        9.2199999999999989     
   9.2400000000000020        9.2400000000000020     
   9.2600000000000016        9.2600000000000016     
   9.2800000000000011        9.2800000000000011     
   9.3000000000000007        9.3000000000000007     
   9.3200000000000003        9.3200000000000003     
   9.3399999999999999        9.3399999999999999     
   9.3599999999999994        9.3599999999999994     
   9.3799999999999990        9.3799999999999990     
   9.4000000000000021        9.4000000000000021     
   9.4200000000000017        9.4200000000000017     
   9.4400000000000013        9.4400000000000013     
   9.4600000000000009        9.4600000000000009     
   9.4800000000000004        9.4800000000000004     
   9.5000000000000000        9.5000000000000000     
   9.5199999999999996        9.5199999999999996     
   9.5399999999999991        9.5399999999999991     
   9.5599999999999987        9.5599999999999987     
   9.5800000000000018        9.5800000000000018     
   9.6000000000000014        9.6000000000000014     
   9.6200000000000010        9.6200000000000010     
   9.6400000000000006        9.6400000000000006     
   9.6600000000000001        9.6600000000000001     
   9.6799999999999997        9.6799999999999997     
   9.6999999999999993        9.6999999999999993     
   9.7199999999999989        9.7199999999999989     
   9.7400000000000020        9.7400000000000020     
   9.7600000000000016        9.7600000000000016     
   9.7800000000000011        9.7800000000000011     
   9.8000000000000007        9.8000000000000007     
   9.8200000000000003        9.8200000000000003     
   9.8399999999999999        9.8399999999999999     
   9.8599999999999994        9.8599999999999994     
   9.8799999999999990        9.8799999999999990     
   9.9000000000000021        9.9000000000000021     
   9.9200000000000017        9.9200000000000017     
   9.9400000000000013        9.9400000000000013     
   9.9600000000000009        9.9600000000000009     
   9.9800000000000004        9.9800000000000004     
