  -10.000000000000000       -2660.7936507936511     
  -9.9800000000000004       -2625.8599199700698     
  -9.9600000000000009       -2591.3184802612996     
  -9.9399999999999995       -2557.1656485304838     
  -9.9199999999999999       -2523.3977695824256     
  -9.9000000000000004       -2490.0112160019644     
  -9.8800000000000008       -2457.0023879930268     
  -9.8599999999999994       -2424.3677132182747     
  -9.8399999999999999       -2392.1036466394326     
  -9.8200000000000003       -2360.2066703581877     
  -9.8000000000000007       -2328.6732934577794     
  -9.7799999999999994       -2297.5000518451725     
  -9.7599999999999998       -2266.6835080939049     
  -9.7400000000000002       -2236.2202512875101     
  -9.7200000000000006       -2206.1068968636050     
  -9.6999999999999993       -2176.3400864585901     
  -9.6799999999999997       -2146.9164877529752     
  -9.6600000000000001       -2117.8327943173126     
  -9.6400000000000006       -2089.0857254587750     
  -9.6199999999999992       -2060.6720260683328     
  -9.5999999999999996       -2032.5884664685711     
  -9.5800000000000001       -2004.8318422620900     
  -9.5600000000000005       -1977.3989741805581     
  -9.5399999999999991       -1950.2867079343534     
  -9.5199999999999996       -1923.4919140628376     
  -9.5000000000000000       -1897.0114877852184     
  -9.4800000000000004       -1870.8423488520448     
  -9.4600000000000009       -1844.9814413973024     
  -9.4399999999999995       -1819.4257337911095     
  -9.4199999999999999       -1794.1722184930418     
  -9.4000000000000004       -1769.2179119060327     
  -9.3800000000000008       -1744.5598542308994     
  -9.3599999999999994       -1720.1951093214684     
  -9.3399999999999999       -1696.1207645403001     
  -9.3200000000000003       -1672.3339306150065     
  -9.3000000000000007       -1648.8317414951794     
  -9.2799999999999994       -1625.6113542099124     
  -9.2599999999999998       -1602.6699487259220     
  -9.2400000000000002       -1580.0047278062534     
  -9.2200000000000006       -1557.6129168695909     
  -9.1999999999999993       -1535.4917638501579     
  -9.1799999999999997       -1513.6385390582127     
  -9.1600000000000001       -1492.0505350411204     
  -9.1400000000000006       -1470.7250664450280     
  -9.1199999999999992       -1449.6594698771210     
  -9.0999999999999996       -1428.8511037684716     
  -9.0800000000000001       -1408.2973482374600     
  -9.0600000000000005       -1387.9956049537898     
  -9.0399999999999991       -1367.9432970030825     
  -9.0199999999999996       -1348.1378687520596     
  -9.0000000000000000       -1328.5767857142857     
  -8.9800000000000004       -1309.2575344165139     
  -8.9600000000000009       -1290.1776222655908     
  -8.9399999999999995       -1271.3345774159479     
  -8.9199999999999999       -1252.7259486376652     
  -8.9000000000000004       -1234.3493051850996     
  -8.8799999999999990       -1216.2022366660985     
  -8.8599999999999994       -1198.2823529117818     
  -8.8399999999999999       -1180.5872838468817     
  -8.8200000000000003       -1163.1146793606638     
  -8.8000000000000007       -1145.8622091784132     
  -8.7799999999999994       -1128.8275627334783     
  -8.7599999999999998       -1112.0084490398926     
  -8.7400000000000002       -1095.4025965655437     
  -8.7200000000000006       -1079.0077531059164     
  -8.6999999999999993       -1062.8216856583922     
  -8.6799999999999997       -1046.8421802971111     
  -8.6600000000000001       -1031.0670420483812     
  -8.6400000000000006       -1015.4940947666607     
  -8.6199999999999992       -1000.1211810110815     
  -8.5999999999999996       -984.94616192253955     
  -8.5800000000000001       -969.96691710132313     
  -8.5600000000000005       -955.18134448530793     
  -8.5399999999999991       -940.58736022869209     
  -8.5199999999999996       -926.18289858128787     
  -8.5000000000000000       -911.96591176835318     
  -8.4800000000000004       -897.93436987097550     
  -8.4600000000000009       -884.08626070700006     
  -8.4399999999999995       -870.41958971249983     
  -8.4199999999999999       -856.93237982379480     
  -8.4000000000000004       -843.62267136000014     
  -8.3799999999999990       -830.48852190612615     
  -8.3599999999999994       -817.52800619671507     
  -8.3399999999999999       -804.73921600000926     
  -8.3200000000000003       -792.12026000266189     
  -8.3000000000000007       -779.66926369498083     
  -8.2799999999999994       -767.38436925670430     
  -8.2599999999999998       -755.26373544331636     
  -8.2400000000000002       -743.30553747288047     
  -8.2200000000000006       -731.50796691341566     
  -8.1999999999999993       -719.86923157079343     
  -8.1799999999999997       -708.38755537716872     
  -8.1600000000000001       -697.06117827992898     
  -8.1400000000000006       -685.88835613117374     
  -8.1199999999999992       -674.86736057771532     
  -8.0999999999999996       -663.99647895160695     
  -8.0800000000000001       -653.27401416117959     
  -8.0600000000000005       -642.69828458261327     
  -8.0399999999999991       -632.26762395201433     
  -8.0199999999999996       -621.98038125802339     
  -8.0000000000000000       -611.83492063492065     
  -7.9800000000000004       -601.82962125626375     
  -7.9600000000000000       -591.96287722902832     
  -7.9399999999999995       -582.23309748826489     
  -7.9199999999999999       -572.63870569226469     
  -7.9000000000000004       -563.17814011823430     
  -7.8799999999999999       -553.84985355848050     
  -7.8599999999999994       -544.65231321710144     
  -7.8399999999999999       -535.58400060718373     
  -7.8200000000000003       -526.64341144849971     
  -7.7999999999999998       -517.82905556571416     
  -7.7799999999999994       -509.13945678709013     
  -7.7599999999999998       -500.57315284369349     
  -7.7400000000000002       -492.12869526909765     
  -7.7199999999999998       -483.80464929958777     
  -7.6999999999999993       -475.59959377486086     
  -7.6799999999999997       -467.51212103922012     
  -7.6600000000000001       -459.54083684326338     
  -7.6400000000000006       -451.68436024606672     
  -7.6200000000000001       -443.94132351785657     
  -7.5999999999999996       -436.31037204317460     
  -7.5800000000000001       -428.79016422452969     
  -7.5600000000000005       -421.37937138653814     
  -7.5400000000000000       -414.07667768055080     
  -7.5199999999999996       -406.88077998976536     
  -7.5000000000000000       -399.79038783482144     
  -7.4800000000000004       -392.80422327987901     
  -7.4600000000000000       -385.92102083917740     
  -7.4399999999999995       -379.13952738407670     
  -7.4199999999999999       -372.45850205057457     
  -7.4000000000000004       -365.87671614730164     
  -7.3799999999999999       -359.39295306399436     
  -7.3599999999999994       -353.00600818044137     
  -7.3399999999999999       -346.71468877590473     
  -7.3200000000000003       -340.51781393901081     
  -7.2999999999999998       -334.41421447811501     
  -7.2799999999999994       -328.40273283213605     
  -7.2599999999999998       -322.48222298185726     
  -7.2400000000000002       -316.65155036169460     
  -7.2199999999999998       -310.90959177193372     
  -7.1999999999999993       -305.25523529142833     
  -7.1799999999999997       -299.68738019076466     
  -7.1600000000000001       -294.20493684588445     
  -7.1400000000000006       -288.80682665217313     
  -7.1200000000000001       -283.49198193900378     
  -7.0999999999999996       -278.25934588474200     
  -7.0800000000000001       -273.10787243220614     
  -7.0600000000000005       -268.03652620458320     
  -7.0400000000000000       -263.04428242179983     
  -7.0199999999999996       -258.13012681734716     
  -7.0000000000000000       -253.29305555555558     
  -6.9800000000000004       -248.53207514932075     
  -6.9600000000000000       -243.84620237827983     
  -6.9399999999999995       -239.23446420743517     
  -6.9199999999999999       -234.69589770622446     
  -6.9000000000000004       -230.22954996803583     
  -6.8799999999999999       -225.83447803016816     
  -6.8599999999999994       -221.50974879423453     
  -6.8399999999999999       -217.25443894700584     
  -6.8200000000000003       -213.06763488169534     
  -6.7999999999999998       -208.94843261968248     
  -6.7799999999999994       -204.89593773267532     
  -6.7599999999999998       -200.90926526530757     
  -6.7400000000000002       -196.98753965817176     
  -6.7199999999999998       -193.12989467128619     
  -6.6999999999999993       -189.33547330799593     
  -6.6799999999999997       -185.60342773930250     
  -6.6600000000000001       -181.93291922862554     
  -6.6400000000000006       -178.32311805699277     
  -6.6200000000000001       -174.77320344865763     
  -6.5999999999999996       -171.28236349714280     
  -6.5800000000000001       -167.84979509170930     
  -6.5600000000000005       -164.47470384424818     
  -6.5400000000000000       -161.15630401659558     
  -6.5199999999999996       -157.89381844826909     
  -6.5000000000000000       -154.68647848462300     
  -6.4800000000000004       -151.53352390542256     
  -6.4600000000000000       -148.43420285383553     
  -6.4399999999999995       -145.38777176584020     
  -6.4199999999999999       -142.39349530004765     
  -6.4000000000000004       -139.45064626793661     
  -6.3799999999999999       -136.55850556450204     
  -6.3599999999999994       -133.71636209931430     
  -6.3399999999999999       -130.92351272798692     
  -6.3200000000000003       -128.17926218405316     
  -6.2999999999999998       -125.48292301124997     
  -6.2799999999999994       -122.83381549620796     
  -6.2599999999999998       -120.23126760154472     
  -6.2400000000000002       -117.67461489936213     
  -6.2199999999999998       -115.16320050514543     
  -6.1999999999999993       -112.69637501206338     
  -6.1799999999999997       -110.27349642566706     
  -6.1600000000000001       -107.89393009898653     
  -6.1400000000000006       -105.55704866802580     
  -6.1200000000000001       -103.26223198765145     
  -6.0999999999999996       -101.00886706787693     
  -6.0800000000000001       -98.796348010539191     
  -6.0600000000000005       -96.624075946366560     
  -6.0400000000000000       -94.491458972437982     
  -6.0199999999999996       -92.397912090030957     
  -6.0000000000000000       -90.342857142857142     
  -5.9799999999999995       -88.325722755684339     
  -5.9600000000000000       -86.345944273344571     
  -5.9399999999999995       -84.402963700125326     
  -5.9199999999999999       -82.496229639544168     
  -5.9000000000000004       -80.625197234503986     
  -5.8799999999999999       -78.789328107829220     
  -5.8600000000000003       -76.988090303180840     
  -5.8399999999999999       -75.220958226347960     
  -5.8200000000000003       -73.487412586917657     
  -5.7999999999999998       -71.786940340317457     
  -5.7800000000000002       -70.119034630233898     
  -5.7599999999999998       -68.483194731401795     
  -5.7400000000000002       -66.878925992765829     
  -5.7199999999999998       -65.305739781011297     
  -5.7000000000000002       -63.763153424464299     
  -5.6799999999999997       -62.250690157358250     
  -5.6600000000000001       -60.767879064467621     
  -5.6399999999999997       -59.314255026105464     
  -5.6200000000000001       -57.889358663485311     
  -5.5999999999999996       -56.492736284444412     
  -5.5800000000000001       -55.123939829529043     
  -5.5599999999999996       -53.782526818438193     
  -5.5400000000000000       -52.468060296827048     
  -5.5199999999999996       -51.180108783466181     
  -5.5000000000000000       -49.918246217757940     
  -5.4799999999999995       -48.682051907606180     
  -5.4600000000000000       -47.471110477640295     
  -5.4399999999999995       -46.285011817790426     
  -5.4199999999999999       -45.123351032214046     
  -5.3999999999999995       -43.985728388571388     
  -5.3799999999999999       -42.871749267649761     
  -5.3600000000000003       -41.781024113333878     
  -5.3399999999999999       -40.713168382922390     
  -5.3200000000000003       -39.667802497788827     
  -5.2999999999999998       -38.644551794384917     
  -5.2800000000000002       -37.643046475586431     
  -5.2599999999999998       -36.662921562378841     
  -5.2400000000000002       -35.703816845882884     
  -5.2199999999999998       -34.765376839717170     
  -5.2000000000000002       -33.847250732698427     
  -5.1799999999999997       -32.949092341876096     
  -5.1600000000000001       -32.070560065902015     
  -5.1399999999999997       -31.211316838731872     
  -5.1200000000000001       -30.371030083659161     
  -5.0999999999999996       -29.549371667678557     
  -5.0800000000000001       -28.746017856178888     
  -5.0599999999999996       -27.960649267963269     
  -5.0400000000000000       -27.192950830596100     
  -5.0199999999999996       -26.442611736074717     
  -5.0000000000000000       -25.709325396825399     
  -4.9799999999999995       -24.992789402021387     
  -4.9600000000000000       -24.292705474222700     
  -4.9399999999999995       -23.608779426335488     
  -4.9199999999999999       -22.940721118890565     
  -4.8999999999999995       -22.288244417638872     
  -4.8799999999999999       -21.651067151463632     
  -4.8600000000000003       -21.028911070606917     
  -4.8399999999999999       -20.421501805210116     
  -4.8200000000000003       -19.828568824166680     
  -4.7999999999999998       -19.249845394285714     
  -4.7800000000000002       -18.685068539765609     
  -4.7599999999999998       -18.133979001975920     
  -4.7400000000000002       -17.596321199546601     
  -4.7199999999999998       -17.071843188763040     
  -4.7000000000000002       -16.560296624265881     
  -4.6799999999999997       -16.061436720053969     
  -4.6600000000000001       -15.575022210789740     
  -4.6399999999999997       -15.100815313404942     
  -4.6200000000000001       -14.638581689006356     
  -4.5999999999999996       -14.188090405079361     
  -4.5800000000000001       -13.749113897988755     
  -4.5599999999999996       -13.321427935775009     
  -4.5400000000000000       -12.904811581245156     
  -4.5199999999999996       -12.499047155356582     
  -4.5000000000000000       -12.103920200892857     
  -4.4799999999999995       -11.719219446429912     
  -4.4600000000000000       -11.344736770591759     
  -4.4399999999999995       -10.980267166593894     
  -4.4199999999999999       -10.625608707073765     
  -4.3999999999999995       -10.280562509206341     
  -4.3799999999999999       -9.9449327001041627     
  -4.3600000000000003       -9.6185263824999758     
  -4.3399999999999999       -9.3011536007111779     
  -4.3200000000000003       -8.9926273068845397     
  -4.2999999999999998       -8.6927633275198399     
  -4.2800000000000002       -8.4013803302714667     
  -4.2599999999999998       -8.1182997910263133     
  -4.2400000000000002       -7.8433459612569969     
  -4.2199999999999998       -7.5763458356489046     
  -4.2000000000000002       -7.3171291200000024     
  -4.1799999999999997       -7.0655281993918351     
  -4.1600000000000001       -6.8213781066307968     
  -4.1399999999999997       -6.5845164909580012     
  -4.1200000000000001       -6.3547835870268781     
  -4.0999999999999996       -6.1320221841468232     
  -4.0800000000000001       -5.9160775957919451     
  -4.0599999999999996       -5.7067976293734013     
  -4.0400000000000000       -5.5040325562742165     
  -4.0199999999999996       -5.3076350821451097     
  -4.0000000000000000       -5.1174603174603179     
  -3.9799999999999995       -4.9333657483317790     
  -3.9600000000000000       -4.7552112075808193     
  -3.9399999999999995       -4.5828588460656245     
  -3.9199999999999999       -4.4161731042636214     
  -3.8999999999999995       -4.2550206841071372     
  -3.8799999999999999       -4.0992705210713547     
  -3.8599999999999994       -3.9487937565130267     
  -3.8399999999999999       -3.8034637102589066     
  -3.8200000000000003       -3.6631558534423956     
  -3.7999999999999998       -3.5277477815873031     
  -3.7800000000000002       -3.3971191879373301     
  -3.7599999999999998       -3.2711518370300419     
  -3.7400000000000002       -3.1497295385140553     
  -3.7199999999999998       -3.0327381212080997     
  -3.7000000000000002       -2.9200654074007941     
  -3.6799999999999997       -2.8116011873896980     
  -3.6600000000000001       -2.7072371942585227     
  -3.6399999999999997       -2.6068670788910628     
  -3.6200000000000001       -2.5103863852207393     
  -3.5999999999999996       -2.4176925257142843     
  -3.5800000000000001       -2.3286847570884719     
  -3.5599999999999996       -2.2432641562584648     
  -3.5400000000000000       -2.1613335965166094     
  -3.5199999999999996       -2.0827977239403106     
  -3.5000000000000000       -2.0075629340277783     
  -3.4799999999999995       -1.9355373485603091     
  -3.4600000000000000       -1.8666307926898784     
  -3.4399999999999995       -1.8007547722506878     
  -3.4199999999999999       -1.7378224512934839     
  -3.3999999999999995       -1.6777486298412683     
  -3.3799999999999999       -1.6204497218652154     
  -3.3599999999999994       -1.5658437334794235     
  -3.3399999999999999       -1.5138502413533004     
  -3.3200000000000003       -1.4643903713402557     
  -3.2999999999999998       -1.4173867773214275     
  -3.2800000000000002       -1.3727636202631892     
  -3.2599999999999998       -1.3304465474871014     
  -3.2400000000000002       -1.2903626721511134     
  -3.2199999999999998       -1.2524405529406266     
  -3.2000000000000002       -1.2166101739682547     
  -3.1799999999999997       -1.1828029248808938     
  -3.1600000000000001       -1.1509515811729152     
  -3.1399999999999997       -1.1209902847041247     
  -3.1200000000000001       -1.0928545244212664     
  -3.0999999999999996       -1.0664811172817452     
  -3.0800000000000001       -1.0418081893783315     
  -3.0599999999999996       -1.0187751572635269     
  -3.0400000000000000      -0.99732270947233748     
  -3.0199999999999996      -0.97739278824217113     
  -3.0000000000000000      -0.95892857142857135     
  -2.9799999999999995      -0.94187445461550412     
  -2.9600000000000000      -0.92617603341893928     
  -2.9399999999999995      -0.91178008598241589     
  -2.9199999999999999      -0.89863455566334371     
  -2.8999999999999995      -0.88668853390873004     
  -2.8799999999999999      -0.87589224331907656     
  -2.8599999999999994      -0.86619702089915096     
  -2.8399999999999999      -0.85755530149436121     
  -2.8200000000000003      -0.84992060141144909     
  -2.7999999999999998      -0.84324750222222244     
  -2.7800000000000002      -0.83749163474904831     
  -2.7599999999999998      -0.83260966323082974     
  -2.7400000000000002      -0.82855926966817339     
  -2.7199999999999998      -0.82529913834648760     
  -2.7000000000000002      -0.82278894053571472     
  -2.6799999999999997      -0.82098931936542086     
  -2.6600000000000001      -0.81986187487397522     
  -2.6399999999999997      -0.81936914923051896     
  -2.6200000000000001      -0.81947461212845962     
  -2.5999999999999996      -0.82014264634920619     
  -2.5800000000000001      -0.82133853349485952     
  -2.5599999999999996      -0.82302843988858709     
  -2.5400000000000000      -0.82517940264139777     
  -2.5199999999999996      -0.82775931588403240     
  -2.5000000000000000      -0.83073691716269860     
  -2.4799999999999995      -0.83408177399736505     
  -2.4600000000000000      -0.83776427060133263     
  -2.4399999999999995      -0.84175559476080986     
  -2.4199999999999999      -0.84602772487320399     
  -2.3999999999999995      -0.85055341714285770     
  -2.3799999999999999      -0.85530619293293697     
  -2.3599999999999994      -0.86026032627221127     
  -2.3399999999999999      -0.86539083151542184     
  -2.3200000000000003      -0.87067345115597627     
  -2.2999999999999998      -0.87608464378968287     
  -2.2800000000000002      -0.88160157222824231     
  -2.2599999999999998      -0.88720209176122367     
  -2.2400000000000002      -0.89286473856523352     
  -2.2199999999999998      -0.89856871825901485     
  -2.2000000000000002      -0.90429389460317433     
  -2.1799999999999997      -0.91002077834328110     
  -2.1600000000000001      -0.91573051619503543     
  -2.1399999999999997      -0.92140487997024589     
  -2.1200000000000001      -0.92702625584232012     
  -2.0999999999999996      -0.93257763375000002     
  -2.0800000000000001      -0.93804259693805314     
  -2.0599999999999996      -0.94340531163364760     
  -2.0400000000000000      -0.94865051685712465     
  -2.0199999999999996      -0.95376351436589257     
  -2.0000000000000000      -0.95873015873015877     
  -1.9800000000000004      -0.96353684753922519     
  -1.9599999999999991      -0.96817051173705981     
  -1.9399999999999995      -0.97261860608587003     
  -1.9199999999999999      -0.97686909975639757     
  -1.9000000000000004      -0.98091046704365070     
  -1.8799999999999990      -0.98473167820679741     
  -1.8599999999999994      -0.98832219043193859     
  -1.8399999999999999      -0.99167193891648198     
  -1.8200000000000003      -0.99477132807383639     
  -1.8000000000000007      -0.99761122285714277     
  -1.7799999999999994       -1.0001829402007694     
  -1.7599999999999998       -1.0024782405782837     
  -1.7400000000000002       -1.0044893196756275     
  -1.7200000000000006       -1.0062088001782084     
  -1.6999999999999993       -1.0076297236706349     
  -1.6799999999999997       -1.0087455426478080     
  -1.6600000000000001       -1.0095501126360957     
  -1.6400000000000006       -1.0100376844233063     
  -1.6199999999999992       -1.0102028963961807     
  -1.5999999999999996       -1.0100407669841269     
  -1.5800000000000001       -1.0095466872079133     
  -1.5600000000000005       -1.0087164133320410     
  -1.5399999999999991       -1.0075460596195183     
  -1.5199999999999996       -1.0060320911877525     
  -1.5000000000000000       -1.0041713169642856     
  -1.4800000000000004       -1.0019608827410855     
  -1.4599999999999991      -0.99939826432611978     
  -1.4399999999999995      -0.99648126079093025     
  -1.4199999999999999      -0.99320798781292474     
  -1.4000000000000004      -0.98957687111111126     
  -1.3799999999999990      -0.98558663997399076     
  -1.3599999999999994      -0.98123632087833179     
  -1.3399999999999999      -0.97652523119754242     
  -1.3200000000000003      -0.97145297299836342     
  -1.2999999999999989      -0.96601942692460285     
  -1.2799999999999994      -0.96022474616662934     
  -1.2599999999999998      -0.95406935051534392     
  -1.2400000000000002      -0.94755392049935450     
  -1.2200000000000006      -0.94067939160406910     
  -1.1999999999999993      -0.93344694857142829     
  -1.1799999999999997      -0.92585801977900140     
  -1.1600000000000001      -0.91791427169715623     
  -1.1400000000000006      -0.90961760342303344     
  -1.1199999999999992      -0.90097014129004049     
  -1.0999999999999996      -0.89197423355158723     
  -1.0800000000000001      -0.88263244513777372     
  -1.0600000000000005      -0.87294755248376832     
  -1.0399999999999991      -0.86292253842857813     
  -1.0199999999999996      -0.85256058718294603     
  -1.0000000000000000      -0.84186507936507937     
 -0.98000000000000043      -0.83083958710294603     
 -0.95999999999999908      -0.81948786920184624     
 -0.93999999999999950      -0.80781386637599029     
 -0.91999999999999993      -0.79582169654278501     
 -0.90000000000000036      -0.78351565017857161     
 -0.87999999999999901      -0.77090018573451724     
 -0.85999999999999943      -0.75797992511139189     
 -0.83999999999999986      -0.74475964919193582     
 -0.82000000000000028      -0.73124429342955721     
 -0.79999999999999893      -0.71743894349206272     
 -0.77999999999999936      -0.70334883095915612     
 -0.75999999999999979      -0.68897932907240411     
 -0.74000000000000021      -0.67433594853641499     
 -0.72000000000000064      -0.65942433336992967     
 -0.69999999999999929      -0.64425025680555503     
 -0.67999999999999972      -0.62881961723686175     
 -0.66000000000000014      -0.61313843421154979     
 -0.64000000000000057      -0.59721284446942735     
 -0.61999999999999922      -0.58104909802390059     
 -0.59999999999999964      -0.56465355428571395     
 -0.58000000000000007      -0.54803267822763402     
 -0.56000000000000050      -0.53119303658882899     
 -0.53999999999999915      -0.51414129411763820     
 -0.51999999999999957      -0.49688420985147291     
 -0.50000000000000000      -0.47942863343253966     
 -0.48000000000000043      -0.46178150145813979     
 -0.45999999999999908      -0.44394983386423970     
 -0.43999999999999950      -0.42594073034105046     
 -0.41999999999999993      -0.40776136677931196     
 -0.40000000000000036      -0.38941899174603206     
 -0.37999999999999901      -0.37092092298837720     
 -0.35999999999999943      -0.35227454396445207     
 -0.33999999999999986      -0.33348730039966290     
 -0.32000000000000028      -0.31456669686741762     
 -0.29999999999999893      -0.29552029339285613     
 -0.27999999999999936      -0.27635570207834959     
 -0.25999999999999979      -0.25708058374946441     
 -0.24000000000000021      -0.23770264462014193     
 -0.22000000000000064      -0.21822963297579009     
 -0.19999999999999929      -0.19866933587301519     
 -0.17999999999999972      -0.17902957585472201     
 -0.16000000000000014      -0.15931820767927685     
 -0.14000000000000057      -0.13954311506248768     
 -0.11999999999999922      -0.11971220743109408     
  -9.9999999999999645E-002  -9.9833416686507581E-002
  -8.0000000000000071E-002  -7.9914693977494414E-002
  -6.0000000000000497E-002  -5.9964006480555929E-002
  -3.9999999999999147E-002  -3.9989334186698325E-002
  -1.9999999999999574E-002  -1.9998666693333160E-002
   0.0000000000000000        0.0000000000000000     
   1.9999999999999574E-002   1.9998666693333160E-002
   4.0000000000000924E-002   3.9989334186700101E-002
   6.0000000000000497E-002   5.9964006480555929E-002
   8.0000000000000071E-002   7.9914693977494414E-002
   9.9999999999999645E-002   9.9833416686507581E-002
  0.12000000000000099       0.11971220743109584     
  0.14000000000000057       0.13954311506248768     
  0.16000000000000014       0.15931820767927685     
  0.17999999999999972       0.17902957585472201     
  0.20000000000000107       0.19866933587301694     
  0.22000000000000064       0.21822963297579009     
  0.24000000000000021       0.23770264462014193     
  0.25999999999999979       0.25708058374946441     
  0.27999999999999936       0.27635570207834959     
  0.30000000000000071       0.29552029339285779     
  0.32000000000000028       0.31456669686741762     
  0.33999999999999986       0.33348730039966290     
  0.35999999999999943       0.35227454396445207     
  0.38000000000000078       0.37092092298837886     
  0.40000000000000036       0.38941899174603206     
  0.41999999999999993       0.40776136677931196     
  0.43999999999999950       0.42594073034105046     
  0.46000000000000085       0.44394983386424125     
  0.48000000000000043       0.46178150145813979     
  0.50000000000000000       0.47942863343253966     
  0.51999999999999957       0.49688420985147291     
  0.54000000000000092       0.51414129411763965     
  0.56000000000000050       0.53119303658882899     
  0.58000000000000007       0.54803267822763402     
  0.59999999999999964       0.56465355428571395     
  0.62000000000000099       0.58104909802390214     
  0.64000000000000057       0.59721284446942735     
  0.66000000000000014       0.61313843421154979     
  0.67999999999999972       0.62881961723686175     
  0.70000000000000107       0.64425025680555636     
  0.72000000000000064       0.65942433336992967     
  0.74000000000000021       0.67433594853641499     
  0.75999999999999979       0.68897932907240411     
  0.77999999999999936       0.70334883095915612     
  0.80000000000000071       0.71743894349206394     
  0.82000000000000028       0.73124429342955721     
  0.83999999999999986       0.74475964919193582     
  0.85999999999999943       0.75797992511139189     
  0.88000000000000078       0.77090018573451835     
  0.90000000000000036       0.78351565017857161     
  0.91999999999999993       0.79582169654278501     
  0.93999999999999950       0.80781386637599029     
  0.96000000000000085       0.81948786920184735     
  0.98000000000000043       0.83083958710294603     
   1.0000000000000000       0.84186507936507937     
   1.0199999999999996       0.85256058718294603     
   1.0400000000000009       0.86292253842857902     
   1.0600000000000005       0.87294755248376832     
   1.0800000000000001       0.88263244513777372     
   1.0999999999999996       0.89197423355158723     
   1.1200000000000010       0.90097014129004127     
   1.1400000000000006       0.90961760342303344     
   1.1600000000000001       0.91791427169715623     
   1.1799999999999997       0.92585801977900140     
   1.2000000000000011       0.93344694857142907     
   1.2200000000000006       0.94067939160406910     
   1.2400000000000002       0.94755392049935450     
   1.2599999999999998       0.95406935051534392     
   1.2799999999999994       0.96022474616662934     
   1.3000000000000007       0.96601942692460352     
   1.3200000000000003       0.97145297299836342     
   1.3399999999999999       0.97652523119754242     
   1.3599999999999994       0.98123632087833179     
   1.3800000000000008       0.98558663997399099     
   1.4000000000000004       0.98957687111111126     
   1.4199999999999999       0.99320798781292474     
   1.4399999999999995       0.99648126079093025     
   1.4600000000000009       0.99939826432612000     
   1.4800000000000004        1.0019608827410855     
   1.5000000000000000        1.0041713169642856     
   1.5199999999999996        1.0060320911877525     
   1.5400000000000009        1.0075460596195180     
   1.5600000000000005        1.0087164133320410     
   1.5800000000000001        1.0095466872079133     
   1.5999999999999996        1.0100407669841269     
   1.6200000000000010        1.0102028963961807     
   1.6400000000000006        1.0100376844233063     
   1.6600000000000001        1.0095501126360957     
   1.6799999999999997        1.0087455426478080     
   1.7000000000000011        1.0076297236706349     
   1.7200000000000006        1.0062088001782084     
   1.7400000000000002        1.0044893196756275     
   1.7599999999999998        1.0024782405782837     
   1.7799999999999994        1.0001829402007694     
   1.8000000000000007       0.99761122285714277     
   1.8200000000000003       0.99477132807383639     
   1.8399999999999999       0.99167193891648198     
   1.8599999999999994       0.98832219043193859     
   1.8800000000000008       0.98473167820679708     
   1.9000000000000004       0.98091046704365070     
   1.9199999999999999       0.97686909975639757     
   1.9399999999999995       0.97261860608587003     
   1.9600000000000009       0.96817051173705926     
   1.9800000000000004       0.96353684753922519     
   2.0000000000000000       0.95873015873015877     
   2.0199999999999996       0.95376351436589257     
   2.0400000000000009       0.94865051685712420     
   2.0600000000000005       0.94340531163364738     
   2.0800000000000001       0.93804259693805314     
   2.0999999999999996       0.93257763375000002     
   2.1200000000000010       0.92702625584232001     
   2.1400000000000006       0.92140487997024567     
   2.1600000000000001       0.91573051619503543     
   2.1799999999999997       0.91002077834328110     
   2.2000000000000011       0.90429389460317444     
   2.2200000000000006       0.89856871825901474     
   2.2400000000000002       0.89286473856523352     
   2.2599999999999998       0.88720209176122367     
   2.2800000000000011       0.88160157222824187     
   2.3000000000000007       0.87608464378968220     
   2.3200000000000003       0.87067345115597627     
   2.3399999999999999       0.86539083151542184     
   2.3599999999999994       0.86026032627221127     
   2.3800000000000008       0.85530619293293653     
   2.4000000000000004       0.85055341714285737     
   2.4199999999999999       0.84602772487320399     
   2.4399999999999995       0.84175559476080986     
   2.4600000000000009       0.83776427060133229     
   2.4800000000000004       0.83408177399736483     
   2.5000000000000000       0.83073691716269860     
   2.5199999999999996       0.82775931588403240     
   2.5400000000000009       0.82517940264139744     
   2.5600000000000005       0.82302843988858732     
   2.5800000000000001       0.82133853349485952     
   2.5999999999999996       0.82014264634920619     
   2.6200000000000010       0.81947461212845973     
   2.6400000000000006       0.81936914923051885     
   2.6600000000000001       0.81986187487397522     
   2.6799999999999997       0.82098931936542086     
   2.7000000000000011       0.82278894053571472     
   2.7200000000000006       0.82529913834648805     
   2.7400000000000002       0.82855926966817339     
   2.7599999999999998       0.83260966323082974     
   2.7800000000000011       0.83749163474904931     
   2.8000000000000007       0.84324750222222267     
   2.8200000000000003       0.84992060141144909     
   2.8399999999999999       0.85755530149436121     
   2.8599999999999994       0.86619702089915096     
   2.8800000000000008       0.87589224331907711     
   2.9000000000000004       0.88668853390872959     
   2.9199999999999999       0.89863455566334371     
   2.9399999999999995       0.91178008598241589     
   2.9600000000000009       0.92617603341893928     
   2.9800000000000004       0.94187445461550534     
   3.0000000000000000       0.95892857142857135     
   3.0199999999999996       0.97739278824217113     
   3.0400000000000009       0.99732270947233836     
   3.0600000000000005        1.0187751572635273     
   3.0800000000000001        1.0418081893783315     
   3.0999999999999996        1.0664811172817452     
   3.1200000000000010        1.0928545244212673     
   3.1400000000000006        1.1209902847041269     
   3.1600000000000001        1.1509515811729152     
   3.1799999999999997        1.1828029248808938     
   3.2000000000000011        1.2166101739682558     
   3.2200000000000006        1.2524405529406288     
   3.2400000000000002        1.2903626721511134     
   3.2599999999999998        1.3304465474871014     
   3.2800000000000011        1.3727636202631914     
   3.3000000000000007        1.4173867773214306     
   3.3200000000000003        1.4643903713402557     
   3.3399999999999999        1.5138502413533004     
   3.3599999999999994        1.5658437334794235     
   3.3800000000000008        1.6204497218652185     
   3.4000000000000004        1.6777486298412712     
   3.4199999999999999        1.7378224512934839     
   3.4399999999999995        1.8007547722506878     
   3.4600000000000009        1.8666307926898822     
   3.4800000000000004        1.9355373485603136     
   3.5000000000000000        2.0075629340277783     
   3.5199999999999996        2.0827977239403106     
   3.5400000000000009        2.1613335965166143     
   3.5600000000000005        2.2432641562584696     
   3.5800000000000001        2.3286847570884719     
   3.5999999999999996        2.4176925257142843     
   3.6200000000000010        2.5103863852207429     
   3.6400000000000006        2.6068670788910673     
   3.6600000000000001        2.7072371942585227     
   3.6799999999999997        2.8116011873896980     
   3.7000000000000011        2.9200654074007995     
   3.7200000000000006        3.0327381212081033     
   3.7400000000000002        3.1497295385140553     
   3.7599999999999998        3.2711518370300419     
   3.7800000000000011        3.3971191879373355     
   3.8000000000000007        3.5277477815873048     
   3.8200000000000003        3.6631558534423956     
   3.8399999999999999        3.8034637102589066     
   3.8599999999999994        3.9487937565130267     
   3.8800000000000008        4.0992705210713618     
   3.9000000000000004        4.2550206841071461     
   3.9199999999999999        4.4161731042636214     
   3.9399999999999995        4.5828588460656245     
   3.9600000000000009        4.7552112075808264     
   3.9800000000000004        4.9333657483317888     
   4.0000000000000000        5.1174603174603179     
   4.0199999999999996        5.3076350821451097     
   4.0400000000000009        5.5040325562742254     
   4.0600000000000005        5.7067976293734093     
   4.0800000000000001        5.9160775957919451     
   4.0999999999999996        6.1320221841468232     
   4.1200000000000010        6.3547835870268923     
   4.1400000000000006        6.5845164909580101     
   4.1600000000000001        6.8213781066307968     
   4.1799999999999997        7.0655281993918351     
   4.2000000000000011        7.3171291200000130     
   4.2200000000000006        7.5763458356489188     
   4.2400000000000002        7.8433459612569969     
   4.2599999999999998        8.1182997910263133     
   4.2800000000000011        8.4013803302714862     
   4.3000000000000007        8.6927633275198524     
   4.3200000000000003        8.9926273068845397     
   4.3399999999999999        9.3011536007111779     
   4.3599999999999994        9.6185263824999616     
   4.3800000000000008        9.9449327001041752     
   4.4000000000000004        10.280562509206353     
   4.4199999999999999        10.625608707073765     
   4.4399999999999995        10.980267166593894     
   4.4600000000000009        11.344736770591776     
   4.4800000000000004        11.719219446429927     
   4.5000000000000000        12.103920200892857     
   4.5199999999999996        12.499047155356582     
   4.5400000000000009        12.904811581245179     
   4.5600000000000005        13.321427935775024     
   4.5800000000000001        13.749113897988755     
   4.5999999999999996        14.188090405079361     
   4.6200000000000010        14.638581689006379     
   4.6400000000000006        15.100815313404960     
   4.6600000000000001        15.575022210789740     
   4.6799999999999997        16.061436720053969     
   4.7000000000000011        16.560296624265895     
   4.7200000000000006        17.071843188763062     
   4.7400000000000002        17.596321199546601     
   4.7599999999999998        18.133979001975920     
   4.7800000000000011        18.685068539765645     
   4.8000000000000007        19.249845394285735     
   4.8200000000000003        19.828568824166680     
   4.8399999999999999        20.421501805210116     
   4.8599999999999994        21.028911070606892     
   4.8800000000000008        21.651067151463650     
   4.9000000000000004        22.288244417638904     
   4.9199999999999999        22.940721118890565     
   4.9399999999999995        23.608779426335488     
   4.9600000000000009        24.292705474222728     
   4.9800000000000004        24.992789402021408     
   5.0000000000000000        25.709325396825399     
   5.0199999999999996        26.442611736074717     
   5.0400000000000009        27.192950830596132     
   5.0600000000000005        27.960649267963298     
   5.0800000000000001        28.746017856178888     
   5.0999999999999996        29.549371667678557     
   5.1200000000000010        30.371030083659203     
   5.1400000000000006        31.211316838731907     
   5.1600000000000001        32.070560065902015     
   5.1799999999999997        32.949092341876096     
   5.2000000000000011        33.847250732698448     
   5.2200000000000006        34.765376839717220     
   5.2400000000000002        35.703816845882884     
   5.2599999999999998        36.662921562378841     
   5.2800000000000011        37.643046475586473     
   5.3000000000000007        38.644551794384952     
   5.3200000000000003        39.667802497788827     
   5.3399999999999999        40.713168382922390     
   5.3599999999999994        41.781024113333814     
   5.3800000000000008        42.871749267649818     
   5.4000000000000004        43.985728388571459     
   5.4199999999999999        45.123351032214046     
   5.4399999999999995        46.285011817790426     
   5.4600000000000009        47.471110477640352     
   5.4800000000000004        48.682051907606223     
   5.5000000000000000        49.918246217757940     
   5.5199999999999996        51.180108783466181     
   5.5400000000000009        52.468060296827105     
   5.5600000000000005        53.782526818438249     
   5.5800000000000001        55.123939829529043     
   5.5999999999999996        56.492736284444412     
   5.6200000000000010        57.889358663485368     
   5.6400000000000006        59.314255026105528     
   5.6600000000000001        60.767879064467621     
   5.6799999999999997        62.250690157358250     
   5.7000000000000011        63.763153424464356     
   5.7200000000000006        65.305739781011397     
   5.7400000000000002        66.878925992765829     
   5.7599999999999998        68.483194731401795     
   5.7800000000000011        70.119034630233983     
   5.8000000000000007        71.786940340317500     
   5.8200000000000003        73.487412586917657     
   5.8399999999999999        75.220958226347960     
   5.8600000000000012        76.988090303180883     
   5.8800000000000008        78.789328107829334     
   5.9000000000000004        80.625197234503986     
   5.9199999999999999        82.496229639544168     
   5.9399999999999995        84.402963700125326     
   5.9600000000000009        86.345944273344685     
   5.9800000000000004        88.325722755684382     
   6.0000000000000000        90.342857142857142     
   6.0199999999999996        92.397912090030957     
   6.0399999999999991        94.491458972437911     
   6.0599999999999987        96.624075946366361     
   6.0800000000000018        98.796348010539361     
   6.1000000000000014        101.00886706787713     
   6.1200000000000010        103.26223198765157     
   6.1400000000000006        105.55704866802580     
   6.1600000000000001        107.89393009898653     
   6.1799999999999997        110.27349642566706     
   6.1999999999999993        112.69637501206338     
   6.2199999999999989        115.16320050514534     
   6.2400000000000020        117.67461489936233     
   6.2600000000000016        120.23126760154491     
   6.2800000000000011        122.83381549620819     
   6.3000000000000007        125.48292301125014     
   6.3200000000000003        128.17926218405316     
   6.3399999999999999        130.92351272798692     
   6.3599999999999994        133.71636209931430     
   6.3799999999999990        136.55850556450190     
   6.3999999999999986        139.45064626793629     
   6.4200000000000017        142.39349530004793     
   6.4400000000000013        145.38777176584057     
   6.4600000000000009        148.43420285383570     
   6.4800000000000004        151.53352390542256     
   6.5000000000000000        154.68647848462300     
   6.5199999999999996        157.89381844826909     
   6.5399999999999991        161.15630401659547     
   6.5599999999999987        164.47470384424793     
   6.5800000000000018        167.84979509170967     
   6.6000000000000014        171.28236349714308     
   6.6200000000000010        174.77320344865774     
   6.6400000000000006        178.32311805699277     
   6.6600000000000001        181.93291922862554     
   6.6799999999999997        185.60342773930250     
   6.6999999999999993        189.33547330799593     
   6.7199999999999989        193.12989467128608     
   6.7400000000000020        196.98753965817210     
   6.7600000000000016        200.90926526530799     
   6.7800000000000011        204.89593773267578     
   6.8000000000000007        208.94843261968268     
   6.8200000000000003        213.06763488169534     
   6.8399999999999999        217.25443894700584     
   6.8599999999999994        221.50974879423453     
   6.8799999999999990        225.83447803016799     
   6.8999999999999986        230.22954996803537     
   6.9200000000000017        234.69589770622486     
   6.9400000000000013        239.23446420743554     
   6.9600000000000009        243.84620237828005     
   6.9800000000000004        248.53207514932075     
   7.0000000000000000        253.29305555555558     
   7.0199999999999996        258.13012681734716     
   7.0399999999999991        263.04428242179966     
   7.0599999999999987        268.03652620458274     
   7.0800000000000018        273.10787243220659     
   7.1000000000000014        278.25934588474234     
   7.1200000000000010        283.49198193900406     
   7.1400000000000006        288.80682665217313     
   7.1600000000000001        294.20493684588445     
   7.1799999999999997        299.68738019076466     
   7.1999999999999993        305.25523529142833     
   7.2199999999999989        310.90959177193344     
   7.2400000000000020        316.65155036169517     
   7.2600000000000016        322.48222298185766     
   7.2800000000000011        328.40273283213662     
   7.3000000000000007        334.41421447811535     
   7.3200000000000003        340.51781393901081     
   7.3399999999999999        346.71468877590473     
   7.3599999999999994        353.00600818044137     
   7.3799999999999990        359.39295306399390     
   7.4000000000000021        365.87671614730232     
   7.4200000000000017        372.45850205057519     
   7.4400000000000013        379.13952738407727     
   7.4600000000000009        385.92102083917774     
   7.4800000000000004        392.80422327987901     
   7.5000000000000000        399.79038783482144     
   7.5199999999999996        406.88077998976536     
   7.5399999999999991        414.07667768055057     
   7.5599999999999987        421.37937138653757     
   7.5800000000000018        428.79016422453037     
   7.6000000000000014        436.31037204317511     
   7.6200000000000010        443.94132351785686     
   7.6400000000000006        451.68436024606672     
   7.6600000000000001        459.54083684326338     
   7.6799999999999997        467.51212103922012     
   7.6999999999999993        475.59959377486086     
   7.7199999999999989        483.80464929958748     
   7.7400000000000020        492.12869526909833     
   7.7600000000000016        500.57315284369429     
   7.7800000000000011        509.13945678709104     
   7.8000000000000007        517.82905556571461     
   7.8200000000000003        526.64341144849971     
   7.8399999999999999        535.58400060718373     
   7.8599999999999994        544.65231321710144     
   7.8799999999999990        553.84985355848005     
   7.9000000000000021        563.17814011823509     
   7.9200000000000017        572.63870569226560     
   7.9400000000000013        582.23309748826591     
   7.9600000000000009        591.96287722902889     
   7.9800000000000004        601.82962125626375     
   8.0000000000000000        611.83492063492065     
   8.0199999999999996        621.98038125802339     
   8.0399999999999991        632.26762395201433     
   8.0599999999999987        642.69828458261236     
   8.0800000000000018        653.27401416118073     
   8.1000000000000014        663.99647895160808     
   8.1200000000000010        674.86736057771634     
   8.1400000000000006        685.88835613117374     
   8.1600000000000001        697.06117827992898     
   8.1799999999999997        708.38755537716872     
   8.1999999999999993        719.86923157079343     
   8.2199999999999989        731.50796691341463     
   8.2400000000000020        743.30553747288184     
   8.2600000000000016        755.26373544331739     
   8.2800000000000011        767.38436925670521     
   8.3000000000000007        779.66926369498083     
   8.3200000000000003        792.12026000266189     
   8.3399999999999999        804.73921600000926     
   8.3599999999999994        817.52800619671507     
   8.3799999999999990        830.48852190612615     
   8.4000000000000021        843.62267136000128     
   8.4200000000000017        856.93237982379605     
   8.4400000000000013        870.41958971250119     
   8.4600000000000009        884.08626070700006     
   8.4800000000000004        897.93436987097550     
   8.5000000000000000        911.96591176835318     
   8.5199999999999996        926.18289858128787     
   8.5399999999999991        940.58736022869209     
   8.5599999999999987        955.18134448530691     
   8.5800000000000018        969.96691710132427     
   8.6000000000000014        984.94616192254068     
   8.6200000000000010        1000.1211810110829     
   8.6400000000000006        1015.4940947666607     
   8.6600000000000001        1031.0670420483812     
   8.6799999999999997        1046.8421802971111     
   8.6999999999999993        1062.8216856583922     
   8.7199999999999989        1079.0077531059153     
   8.7400000000000020        1095.4025965655451     
   8.7600000000000016        1112.0084490398942     
   8.7800000000000011        1128.8275627334799     
   8.8000000000000007        1145.8622091784132     
   8.8200000000000003        1163.1146793606638     
   8.8399999999999999        1180.5872838468817     
   8.8599999999999994        1198.2823529117818     
   8.8799999999999990        1216.2022366660985     
   8.9000000000000021        1234.3493051851012     
   8.9200000000000017        1252.7259486376668     
   8.9400000000000013        1271.3345774159495     
   8.9600000000000009        1290.1776222655908     
   8.9800000000000004        1309.2575344165139     
   9.0000000000000000        1328.5767857142857     
   9.0199999999999996        1348.1378687520596     
   9.0399999999999991        1367.9432970030825     
   9.0599999999999987        1387.9956049537882     
   9.0800000000000018        1408.2973482374621     
   9.1000000000000014        1428.8511037684739     
   9.1200000000000010        1449.6594698771228     
   9.1400000000000006        1470.7250664450280     
   9.1600000000000001        1492.0505350411204     
   9.1799999999999997        1513.6385390582127     
   9.1999999999999993        1535.4917638501579     
   9.2199999999999989        1557.6129168695893     
   9.2400000000000020        1580.0047278062557     
   9.2600000000000016        1602.6699487259245     
   9.2800000000000011        1625.6113542099142     
   9.3000000000000007        1648.8317414951794     
   9.3200000000000003        1672.3339306150065     
   9.3399999999999999        1696.1207645403001     
   9.3599999999999994        1720.1951093214684     
   9.3799999999999990        1744.5598542308976     
   9.4000000000000021        1769.2179119060343     
   9.4200000000000017        1794.1722184930441     
   9.4400000000000013        1819.4257337911113     
   9.4600000000000009        1844.9814413973024     
   9.4800000000000004        1870.8423488520448     
   9.5000000000000000        1897.0114877852184     
   9.5199999999999996        1923.4919140628376     
   9.5399999999999991        1950.2867079343534     
   9.5599999999999987        1977.3989741805563     
   9.5800000000000018        2004.8318422620930     
   9.6000000000000014        2032.5884664685734     
   9.6200000000000010        2060.6720260683360     
   9.6400000000000006        2089.0857254587750     
   9.6600000000000001        2117.8327943173126     
   9.6799999999999997        2146.9164877529752     
   9.6999999999999993        2176.3400864585901     
   9.7199999999999989        2206.1068968636027     
   9.7400000000000020        2236.2202512875124     
   9.7600000000000016        2266.6835080939072     
   9.7800000000000011        2297.5000518451752     
   9.8000000000000007        2328.6732934577794     
   9.8200000000000003        2360.2066703581877     
   9.8399999999999999        2392.1036466394326     
   9.8599999999999994        2424.3677132182747     
   9.8799999999999990        2457.0023879930227     
   9.9000000000000021        2490.0112160019680     
   9.9200000000000017        2523.3977695824278     
   9.9400000000000013        2557.1656485304875     
   9.9600000000000009        2591.3184802612996     
   9.9800000000000004        2625.8599199700698     
